[[0.000000,201478.946415,142992.219475,-877366.140409],
[0.581324,239685.632802,127977.138010,-870401.672173],
[1.106243,273942.894497,114371.591590,-863082.208257],
[1.649307,309100.048609,100266.061667,-854492.502930],
[2.349915,353963.400781,82052.619798,-841907.919228],
[3.060354,398809.402748,63601.846250,-827456.450465],
[3.806905,445143.004685,44276.537713,-810491.348323],
[4.563936,491209.165080,24792.072001,-791494.046921],
[5.348057,537860.630903,4778.270174,-769995.006528],
[6.220153,588376.878273,-17221.449004,-744019.730936],
[7.128887,639380.422923,-39788.504011,-714784.678478],
[8.064957,690079.842840,-62584.378515,-682526.503481],
[9.034726,740555.841046,-85649.537228,-647006.376481],
[10.037315,790483.527585,-108836.635563,-608252.232543],
[11.298669,849974.815721,-136961.427787,-556903.812926],
[12.527204,904329.311698,-163140.110044,-504499.034659],
[13.716718,953592.466887,-187270.520895,-451871.699533],
[14.990842,1002735.694890,-211725.437798,-393813.140359],
[16.228598,1046964.121235,-234055.943502,-336080.921530],
[17.473686,1088063.375628,-255065.967544,-276998.460956],
[18.761987,1127134.065638,-275247.484207,-215103.192008],
[20.155679,1165608.821874,-295280.124291,-147595.494592],
[21.576199,1200963.900956,-313767.727782,-78523.380593],
[23.003089,1232766.184275,-330380.515723,-9171.374531],
[24.452183,1261479.221278,-345257.207117,60956.307374],
[25.941615,1287464.087594,-358475.274805,132462.412673],
[27.400365,1309677.986973,-369412.064101,201711.366814],
[28.827140,1328521.712823,-378216.856685,268508.304892],
[30.502528,1347282.374056,-386212.737361,345555.104361],
[32.281764,1363557.783784,-391996.435875,425504.160175],
[34.401541,1378532.388199,-395351.143293,517933.965080],
[36.560286,1389412.197131,-394953.061025,608601.559885],
[39.030372,1397185.768620,-389977.871134,707708.503027],
[41.523992,1400758.526775,-380309.589330,802412.896874],
[44.177598,1400709.051235,-365206.420288,896984.992545],
[46.954890,1397326.678143,-344466.344101,988834.031021],
[49.796271,1391281.401441,-318480.212851,1075026.188440],
[52.712137,1383293.859252,-287325.987670,1155125.721173],
[55.653109,1374293.925542,-251886.041569,1227229.333188],
[58.616538,1365086.149058,-212734.499778,1291003.153798],
[61.513335,1356652.085793,-171777.136673,1344724.933796],
[64.540319,1349086.142791,-126868.652050,1391806.810935],
[67.547682,1343387.516790,-80881.264373,1429516.705704],
[70.407001,1340066.005164,-36614.987102,1457116.675372],
[73.622843,1339147.830902,12927.601975,1478738.829693],
[76.838686,1341487.250912,61258.703925,1490638.778495],
[79.792955,1346634.290521,103745.666476,1493256.053761],
[82.785951,1354784.292385,144129.335718,1488055.139850],
[84.861002,1362120.539931,170156.741458,1479958.061122],
[85.189404,1363403.720466,174108.376795,1478347.303090],
[85.226527,1363550.828496,174552.045477,1478159.621747],
[85.226527,1363550.828496,174552.045477,1478159.621747],
[85.263650,1363698.352479,174995.093933,1477970.805174],
[85.592051,1365021.440600,178887.219547,1476251.121602],
[87.667103,1374111.333687,202295.515772,1463357.922889],
[90.660098,1389285.251951,232106.933153,1438754.175702],
[93.614367,1406322.146841,256384.184960,1407788.979261],
[96.830210,1426666.011308,276320.128589,1366903.010845],
[100.046053,1448208.504153,288847.972824,1318925.903234],
[102.905371,1467719.677950,293305.697863,1270637.842048],
[105.912735,1487877.264168,290833.635186,1214451.447333],
[108.939718,1506978.344693,280641.011901,1152629.300871],
[111.836515,1523313.100772,263461.376295,1088811.556271],
[114.799945,1537161.895977,238277.328366,1019107.172127],
[117.740916,1547106.369599,205680.045914,945796.572120],
[120.656783,1552257.000214,165987.922616,869322.209924],
[123.498163,1551804.772799,120447.065557,791432.940978],
[126.275455,1545207.455680,69672.363339,712336.530829],
[128.929061,1532349.815819,15724.262625,634257.897587],
[131.422681,1513662.412021,-39432.678631,558867.876640],
[133.892767,1488114.038130,-97902.469233,482474.609362],
[136.051513,1459479.165743,-151735.746344,414495.466836],
[138.171289,1425132.562610,-206682.521723,346820.328103],
[139.950525,1391185.548957,-254082.840361,289453.075137],
[141.625914,1354673.936257,-299509.779192,235089.473410],
[143.052688,1319917.757951,-338594.705483,188626.392157],
[144.511438,1280734.209476,-378729.347632,141062.242170],
[146.000870,1236756.803807,-419661.176354,92548.049676],
[147.449964,1189965.319428,-459192.927950,45522.058818],
[148.876854,1139888.794493,-497577.840492,-478.058914],
[150.297374,1085963.174166,-534979.673402,-45819.655706],
[151.691066,1028998.091842,-570595.056210,-89699.339497],
[152.979368,972689.338539,-602292.783665,-129566.809017],
[154.224455,914887.410996,-631550.706943,-167305.622819],
[155.462211,854106.947238,-659034.799002,-203886.685983],
[156.736335,788087.350819,-685370.578346,-240379.640478],
[157.925849,723322.774692,-707892.856204,-273198.358744],
[159.154384,653331.929073,-728772.940707,-305622.100411],
[160.415738,578312.020951,-747382.694766,-337127.146645],
[161.418327,516515.185577,-759916.689879,-360714.202180],
[162.388096,455033.633578,-769973.570573,-382170.792728],
[163.324166,394218.644231,-777621.260800,-401502.705032],
[164.232900,333930.274988,-782997.581642,-418873.068847],
[165.104996,275050.582242,-786168.278467,-434161.047723],
[165.889117,221375.563089,-787292.387057,-446684.983353],
[166.646148,169005.177389,-786780.960137,-457626.379158],
[167.392699,116939.320536,-784707.302607,-467266.472722],
[168.103138,67106.362709,-781265.146674,-475345.319367],
[168.803746,17789.349543,-776455.331529,-482238.756135],
[169.346810,-20493.586794,-771757.077605,-486834.155215],
[169.871730,-57495.459541,-766411.643958,-490646.395567],
[170.453053,-98419.220451,-759573.802012,-494138.828020],
[170.453053,-98419.220451,-759573.802012,-494138.828020],
[171.034377,-139230.416419,-751779.373475,-496859.221619],
[171.559296,-175937.588491,-743929.343124,-498649.742819],
[172.102361,-213723.888071,-735009.609371,-499836.507806],
[172.802968,-262115.043400,-722327.614347,-500370.050605],
[173.513407,-310686.343965,-708153.345430,-499771.094615],
[174.259958,-361084.350461,-691883.823729,-497919.469827],
[175.016990,-411416.348226,-674009.371320,-494784.673156],
[175.801110,-462625.445841,-654108.807409,-490233.174264],
[176.673207,-518358.649014,-630419.999874,-483657.134720],
[177.581941,-574941.953503,-604121.199751,-475170.404139],
[178.518011,-631517.218543,-575458.193434,-464761.543348],
[179.487780,-688190.534050,-544249.114876,-452286.123979],
[180.490369,-744613.641768,-510551.272005,-437685.186138],
[181.751723,-812359.683435,-466383.420493,-417032.045210],
[182.980258,-874794.584326,-421796.351659,-394674.230770],
[184.169772,-931875.499458,-377461.176928,-371117.214855],
[185.443895,-989342.534274,-329018.702256,-344010.708814],
[186.681652,-1041569.091884,-281303.984692,-316019.519472],
[187.926739,-1090591.867181,-232922.200510,-286400.649964],
[189.215040,-1137700.411776,-182710.609057,-254394.121553],
[190.608733,-1184653.602242,-128491.677246,-218413.458904],
[192.029252,-1228386.726940,-73606.882003,-180495.084909],
[193.456142,-1268308.644316,-19110.361879,-141335.916121],
[194.905237,-1304939.607316,35355.756373,-100651.020607],
[196.394669,-1338696.604958,90203.672636,-58045.564649],
[197.853418,-1368145.053047,142624.880728,-15698.260337],
[199.280193,-1393689.721328,192504.922491,26181.241443],
[200.955581,-1419831.207145,249148.079195,75782.464654],
[202.734817,-1443354.223783,306836.737854,128781.313757],
[204.854594,-1466154.161572,372013.941874,192112.637655],
[207.013340,-1484087.406171,434183.888016,256552.051020],
[209.483426,-1498792.107324,499859.822773,329885.607217],
[211.977045,-1508131.919201,560034.223099,403145.227385],
[214.630651,-1512877.805273,617133.723934,479885.783889],
[217.407944,-1513063.600790,669122.745491,558466.597034],
[220.249324,-1509181.064486,714049.505357,636616.610137],
[223.165191,-1501914.599611,751518.708296,714034.818849],
[226.106162,-1492187.967693,780594.450540,788840.656165],
[229.069591,-1480870.879704,801273.277888,860457.945885],
[231.966388,-1469148.213420,813430.046795,926408.387329],
[234.993372,-1456979.018150,818024.635274,990607.445598],
[238.000736,-1445668.323388,814863.216064,1049185.802864],
[240.860054,-1436190.672836,805215.883848,1099677.358491],
[244.075897,-1427568.355118,787287.906253,1149947.349442],
[247.291739,-1421574.297497,762636.922515,1192835.312289],
[250.246008,-1418690.641661,734793.474583,1225314.706832],
[253.239004,-1418511.560941,702233.548581,1251085.464018],
[255.314055,-1420048.588233,677473.131066,1264552.770105],
[255.642457,-1420416.603804,673410.027448,1266345.050517],
[255.679580,-1420460.340248,672948.398846,1266541.756174],
[255.679580,-1420460.340248,672948.398846,1266541.756174],
[255.716703,-1420504.509981,672486.302051,1266737.262048],
[256.045105,-1420914.098738,668378.275474,1268414.423415],
[258.120156,-1424277.962184,641639.729718,1276813.450445],
[261.113151,-1431415.949860,601074.888724,1282091.289437],
[264.067420,-1440918.387399,559367.633692,1279142.952276],
[267.283263,-1453680.212406,512902.360696,1266450.777090],
[270.499106,-1468455.986032,466169.317245,1243635.696608],
[273.358424,-1482763.971790,425059.089527,1214695.676064],
[276.365788,-1498388.630850,382889.016824,1175364.958747],
[279.392771,-1513999.440925,342129.656795,1126521.373512],
[282.289568,-1528079.351867,305202.766978,1071088.264471],
[285.252998,-1540781.130645,269973.494813,1005649.057827],
[288.193969,-1550789.574764,237936.446767,932100.583669],
[291.109836,-1557209.620875,209361.481881,850905.903361],
[293.951216,-1559153.566826,184805.588944,764106.470272],
[296.728508,-1555990.238580,164104.726378,672240.781789],
[299.382115,-1547393.395439,147471.399376,578318.387423],
[301.875734,-1533543.989466,134684.185017,484938.284667],
[304.345820,-1513536.011869,124735.515525,387943.068729],
[306.504566,-1490305.380147,118230.949411,299868.271943],
[308.624342,-1461725.627641,113788.514019,210749.114694],
[310.403579,-1432930.124793,111503.574475,134225.982749],
[312.078967,-1401492.478685,110512.905957,60994.849962],
[313.505742,-1371200.183276,110521.320823,-2067.167776],
[314.964491,-1336688.683675,111303.074711,-67004.318865],
[316.453923,-1297563.445769,112865.069006,-133561.284076],
[317.903018,-1255538.611060,115078.198664,-198312.048821],
[319.329907,-1210164.404944,117874.777341,-261797.726417],
[320.750427,-1160890.587773,121212.034541,-324437.040651],
[322.144119,-1108420.637779,124963.665969,-385031.861843],
[323.432421,-1056168.957822,128796.564248,-439985.547643],
[324.677508,-1002162.785750,132780.723499,-491838.867911],
[325.915265,-944997.774933,136959.678697,-541863.983048],
[327.189388,-882495.519757,141427.713969,-591436.161450],
[328.378902,-820789.612543,145692.336687,-635628.531805],
[329.607437,-753689.462346,150128.091534,-678801.316583],
[330.868791,-681310.313510,154645.311474,-720126.019083],
[331.871380,-621345.935634,158159.426890,-750527.062870],
[332.841149,-561389.011524,161454.777784,-777652.978103],
[333.777219,-501795.672935,164505.936727,-801527.595446],
[334.685953,-442442.155290,167316.764448,-822374.202399],
[335.558049,-384213.640959,169848.891942,-840083.586452],
[336.342170,-330909.001349,171968.455769,-853984.777412],
[337.099202,-278696.079749,173858.905829,-865511.703049],
[337.845753,-226587.802067,175561.054527,-874994.054877],
[338.556192,-176528.597169,177021.806789,-882231.602398],
[339.256799,-126808.650957,178302.855737,-887626.733719],
[339.799864,-88089.745386,179183.022501,-890600.982384],
[340.324783,-50563.693261,179937.851135,-892464.063141],
[340.906106,-8941.833020,180661.949511,-893360.615113],
[340.906106,-8941.833020,180661.949511,-893360.615113],
[341.487430,32690.254259,181267.259342,-893028.526595],
[342.012349,70243.081277,181711.298521,-891674.482163],
[342.555414,109007.108553,182068.387766,-889225.569356],
[343.256021,158811.173154,182376.549188,-884505.212848],
[343.966460,208985.005342,182516.329106,-877947.247353],
[344.713011,261244.814801,182480.741522,-869172.513274],
[345.470043,313642.933199,182260.732075,-858354.852612],
[346.254164,367171.612977,181847.094461,-845177.993726],
[347.126260,425686.000171,181179.130481,-828260.128916],
[348.034994,485376.139770,180269.204996,-808220.640375],
[348.971064,545354.676562,179127.382933,-785156.722774],
[349.940833,605748.450787,177753.805249,-758846.787719],
[350.943422,666201.056219,176162.521490,-729262.173523],
[352.204776,739241.068847,173967.370741,-688923.415889],
[353.433311,807027.710928,171685.503055,-646665.166301],
[354.622825,869431.713629,169402.681053,-603314.263655],
[355.896948,932711.007855,166943.139418,-554594.886711],
[357.134705,990653.179881,164602.228399,-505350.200610],
[358.379792,1045456.977790,162355.558735,-454234.614146],
[359.668094,1098544.538480,160204.729058,-399995.130536],
[361.061786,1151924.114314,158143.314523,-340117.971280],
[362.482306,1202123.965989,156394.463824,-278153.090539],
[363.909195,1248420.764302,155061.697844,-215288.944212],
[365.358290,1291368.728508,154205.423201,-151114.296769],
[366.847722,1331422.536888,153907.768644,-85094.167101],
[368.306471,1366818.514554,154242.305057,-20630.990127],
[369.733246,1397947.717471,155214.675443,42014.588605],
[371.408634,1430327.536689,157224.388276,114813.037684],
[373.187871,1460070.106995,160444.070225,190939.280302],
[375.307647,1489698.926462,165815.986505,279663.782253],
[377.466393,1513901.849666,173077.976853,367416.978573],
[379.936479,1534895.024160,183681.357258,464134.205868],
[382.430098,1549593.701303,196924.430555,557320.752041],
[385.083704,1558927.534099,213844.076562,651121.576061],
[387.860997,1562673.378200,234655.265553,742940.420215],
[390.702377,1561123.265214,259155.364971,829763.543095],
[393.618244,1554895.452245,287528.367450,911043.976145],
[396.559215,1544867.216216,319245.467580,984728.299400],
[399.522645,1531935.420341,354065.420002,1050341.302201],
[402.419441,1517436.480107,390535.959573,1105968.176434],
[405.446425,1501195.876777,430786.712726,1155027.714897],
[408.453789,1484767.437472,472444.958023,1194575.752871],
[411.313107,1469547.860572,513083.686365,1223715.970891],
[414.528950,1453598.230374,559326.103187,1246739.370232],
[417.744793,1439532.660268,605362.993380,1259613.435702],
[420.699062,1428744.336696,646746.243304,1262699.344634],
[423.692057,1420243.999950,687061.369809,1257527.533801],
[425.767108,1415914.632541,713677.069207,1249180.667032],
[426.095510,1415351.399342,717769.561657,1247510.101417],
[426.132633,1415289.852723,718229.970360,1247315.312303],
[426.132633,1415289.852723,718229.970360,1247315.312303],
[426.169756,1415228.737829,718689.924683,1247119.317541],
[426.498158,1414706.926487,722738.819449,1245333.070172],
[428.573209,1412197.745522,747434.626665,1231893.197460],
[431.566204,1410987.842992,779978.092390,1206129.429266],
[434.520474,1412540.527311,807892.380291,1173619.956247],
[437.736316,1417162.568262,832712.883058,1130660.016037],
[440.952159,1424525.860167,850896.120630,1080281.642328],
[443.811477,1433005.339661,860830.194279,1029668.336994],
[446.818841,1443414.209246,864338.433883,970942.720642],
[449.845825,1454852.491821,860120.812216,906583.603192],
[452.742621,1466062.207213,848330.230103,840477.679736],
[455.706051,1477061.849222,828007.758758,768709.082134],
[458.647022,1486696.853393,799241.185248,693771.972534],
[461.562889,1494105.732408,762006.319829,616254.264688],
[464.404269,1498360.893228,717209.503599,538049.077836],
[467.181562,1498769.804391,665224.044777,459466.751963],
[469.835168,1494809.475635,607985.522146,382785.223771],
[472.328787,1486403.343870,547527.752639,309645.921460],
[474.798873,1472810.194055,481399.954677,236504.225268],
[476.957619,1455999.077791,418675.206753,172300.379375],
[479.077396,1434435.229468,352789.596907,109269.842848],
[480.856632,1412049.720138,294367.865848,56582.254483],
[482.532020,1387059.995949,236908.240350,7327.701914],
[483.958795,1362555.482195,186229.007732,-34212.465395],
[485.417544,1334224.326909,132885.168570,-76168.022825],
[486.906976,1301661.191690,76978.245116,-118323.826935],
[488.356071,1266239.665951,21361.584789,-158520.205114],
[489.782961,1227550.819387,-34390.200676,-197146.391327],
[491.203480,1185082.275227,-90651.473664,-234480.316257],
[492.597173,1139400.611660,-146349.609035,-269832.912713],
[493.885474,1093489.619844,-198046.546691,-301208.766781],
[495.130561,1045639.496615,-247975.207988,-330170.836070],
[496.368318,994588.286443,-297339.076328,-357461.800050],
[497.642441,938334.979899,-347597.449940,-383797.279869],
[498.831955,882384.545280,-393737.521718,-406587.940937],
[500.060490,821107.644943,-440300.034223,-428106.986854],
[501.321844,754532.523934,-486612.740860,-447849.427573],
[502.324433,699021.295191,-522097.963548,-461691.448340],
[503.294202,643209.364848,-555103.218905,-473404.215459],
[504.230272,587442.152700,-585560.122276,-483051.391974],
[505.139006,531617.481168,-613653.865345,-490775.994197],
[506.011103,476584.972463,-639111.391970,-496601.039966],
[506.795223,425980.345892,-660637.728647,-500462.239740],
[507.552255,376206.809290,-680110.677258,-502918.318856],
[508.298806,326333.458306,-697981.343042,-504090.101805],
[509.009245,278235.800894,-713699.232531,-504033.640298],
[509.709852,230285.889184,-727919.612329,-502846.903108],
[510.252917,192823.190896,-738040.930370,-501149.948389],
[510.777836,156413.003275,-747058.506777,-498863.690006],
[511.359160,115912.091357,-756151.336011,-495591.998665],
[511.359160,115912.091357,-756151.336011,-495591.998665],
[511.940483,75278.607389,-764291.493029,-491546.606436],
[512.465403,38521.339479,-770814.720761,-487234.277613],
[513.008467,473.733028,-776731.829201,-482121.355903],
[513.709074,-48566.596973,-783112.225238,-474561.054352],
[514.419514,-98150.156537,-788141.875075,-465808.161701],
[515.166065,-149987.798870,-791874.675127,-455463.600303],
[515.923096,-202162.023138,-794055.481898,-443813.389921],
[516.707217,-255670.860096,-794642.896931,-430562.745571],
[517.579313,-314409.110273,-793350.336377,-414477.314654],
[518.488047,-374597.378694,-789897.799760,-396290.116790],
[519.424117,-435357.876798,-784191.440311,-376133.920213],
[520.393886,-496832.651706,-776097.939792,-353843.683273],
[521.396475,-558672.725648,-765538.192469,-329418.366983],
[522.657829,-633814.558211,-749326.237629,-296895.221100],
[523.886364,-703990.384507,-730684.349986,-263521.146552],
[525.075878,-768990.161431,-710234.163614,-229822.623338],
[526.350001,-835316.147857,-686011.693119,-192432.363105],
[527.587758,-896441.621433,-660474.208497,-155024.775212],
[528.832845,-954631.289034,-633068.451791,-116499.536040],
[530.121147,-1011377.719574,-603176.001968,-75865.550078],
[531.514839,-1068850.772254,-569387.979909,-31209.973409],
[532.935359,-1123323.409488,-533717.062316,14866.565769],
[534.362248,-1173971.726929,-496940.535158,61549.599979],
[535.811343,-1221359.688455,-458912.651328,109214.129391],
[537.300775,-1265959.790281,-419395.238006,158328.879184],
[538.759525,-1305756.346725,-380521.758874,206428.515885],
[540.186299,-1341109.609199,-342556.347859,253366.940570],
[541.861687,-1378312.629623,-298306.492409,308230.329005],
[543.640924,-1412974.880110,-252001.734060,366062.754175],
[545.760700,-1448137.679145,-198164.892475,434209.168066],
[547.919446,-1477552.512978,-145258.559471,502581.888780],
[550.389532,-1503916.672148,-87617.713916,579327.124086],
[552.883151,-1523331.821499,-33069.198423,654975.481115],
[555.536758,-1536845.673879,20457.799396,733232.913611],
[558.314050,-1543987.857647,71013.107749,812422.477855],
[561.155430,-1544837.914327,116533.169794,890320.576313],
[564.071297,-1539920.934499,156386.053808,966726.679904],
[567.012268,-1530029.369804,189300.080300,1039902.791171],
[569.975698,-1516048.039073,214928.522746,1109418.486496],
[572.872495,-1499406.488612,232634.727652,1173012.651066],
[575.899478,-1479804.258864,243445.369659,1234572.388299],
[578.906842,-1458976.065830,246571.897775,1290480.898599],
[581.766160,-1438679.721115,242749.823576,1338499.064003],
[584.982003,-1416099.843343,230926.530214,1386177.021045],
[588.197846,-1394577.484405,211659.111053,1426779.135617],
[591.152115,-1376355.987521,187944.869131,1457505.279445],
[594.145110,-1359905.894668,158638.427446,1481894.615195],
[596.220162,-1349899.343830,135535.065339,1494658.339631],
[596.548563,-1348429.477489,131687.537932,1496359.086915],
[596.585686,-1348265.337650,131249.466156,1496545.790402],
[596.585686,-1348265.337650,131249.466156,1496545.790402],
[596.622809,-1348101.609090,130810.760948,1496731.364265],
[596.951211,-1346671.202970,126902.456460,1498323.724125],
[599.026262,-1338398.639211,101124.293942,1506314.974795],
[602.019258,-1328893.724212,61022.540358,1511396.188011],
[604.973527,-1322428.796579,18720.998974,1508700.183373],
[608.189370,-1318709.051134,-29513.349549,1496759.153304],
[611.405212,-1318338.054972,-79064.676027,1475140.708862],
[614.264530,-1320618.439835,-123420.405000,1447578.720167],
[617.271894,-1325356.609246,-169574.448574,1409939.587082],
[620.298878,-1332122.464014,-214711.784926,1362954.879824],
[623.195675,-1339972.072859,-255929.167497,1309343.503451],
[626.159104,-1348788.848201,-295368.527321,1245691.889670],
[629.100076,-1357629.322835,-331093.351025,1173709.235985],
[632.015942,-1365703.236061,-362504.047300,1093718.600248],
[634.857322,-1372083.643595,-388688.593242,1007610.689218],
[637.634615,-1376046.923065,-409545.965616,915811.454415],
[640.288221,-1376896.191450,-424663.485900,821245.452246],
[642.781841,-1374300.716673,-434233.272687,726499.237658],
[645.251927,-1367716.471565,-438979.195380,627294.948227],
[647.410672,-1358059.586162,-439049.345448,536488.114217],
[649.530449,-1344454.071492,-435238.267541,443864.535524],
[651.309685,-1329456.895136,-428955.204924,363703.450940],
[652.985073,-1312007.247303,-420381.114046,286411.144842],
[654.411848,-1294361.463930,-410993.652956,219366.807150],
[655.870598,-1273448.841792,-399368.214611,149825.454317],
[657.360029,-1248870.953109,-385342.755283,77976.532514],
[658.809124,-1221600.803710,-369572.118200,7469.283468],
[660.236014,-1191288.179495,-351967.472571,-62303.862928],
[661.656533,-1157480.959604,-332375.477871,-131844.898717],
[663.050226,-1120584.060333,-311139.294888,-199863.617487],
[664.338527,-1083020.257138,-289734.070194,-262278.469855],
[665.583615,-1043417.431295,-267435.386443,-321908.092171],
[666.821371,-1000711.171058,-243716.698086,-380229.729939],
[668.095495,-953165.315594,-217717.839246,-438943.843062],
[669.285009,-905415.619265,-192038.316494,-492228.927290],
[670.513544,-852640.023092,-164148.969121,-545360.049758],
[671.774897,-794778.538397,-134150.274891,-597504.123557],
[672.777487,-746146.529369,-109389.364479,-636926.504232],
[673.747255,-696918.805276,-84732.125743,-673122.624492],
[674.683326,-647414.977681,-60336.194742,-706060.179541],
[675.592060,-597558.921589,-36158.602519,-735979.062140],
[676.464156,-548127.567042,-12562.909021,-762631.984501],
[677.248277,-502434.585254,8925.459119,-784757.122124],
[678.005308,-457275.743322,29866.615719,-804372.930893],
[678.751859,-411816.991006,50657.674683,-821960.387060],
[679.462298,-367782.947893,70527.694583,-837014.464333],
[680.162906,-323698.680396,90161.461842,-850202.114702],
[680.705970,-289129.464445,105380.390125,-859264.566234],
[681.230889,-255426.417309,120071.134244,-867044.802423],
[681.812213,-217816.511288,136296.863409,-874523.308694],
[681.812213,-217816.511288,136296.863409,-874523.308694],
[682.393536,-179957.482152,152454.545678,-880794.719254],
[682.918456,-145602.218175,166967.344525,-885414.235566],
[683.461520,-109933.870514,181887.067541,-889148.581234],
[684.162128,-63800.540619,200965.302364,-892397.951717],
[684.872567,-16974.260567,220083.075548,-893897.995477],
[685.619118,32175.695000,239888.226221,-893547.590054],
[686.376149,81845.795473,259637.780990,-891208.957232],
[687.160270,132996.231849,279704.527528,-886728.019075],
[688.032366,189391.240229,301518.493571,-879355.926446],
[688.941100,247447.160890,323645.489250,-869097.857960],
[689.877170,306334.134918,345759.607947,-855908.355596],
[690.846939,366203.208266,367915.358825,-839588.915565],
[691.849528,426728.083397,389993.220992,-820054.162503],
[693.110882,500687.726637,416558.433657,-791926.984423],
[694.339417,570185.762924,441136.201919,-761073.270184],
[695.528931,634940.554643,463731.894884,-728285.723791],
[696.803055,701414.512995,486658.471852,-690345.230354],
[698.040811,763051.851794,507713.195113,-651034.273015],
[699.285899,822084.259636,527738.486752,-609375.306532],
[700.574200,880009.506016,547307.222716,-564357.897062],
[701.967892,939064.225134,567243.486777,-513820.898022],
[703.388412,995428.968099,586343.912565,-460708.568788],
[704.815302,1048215.263453,604396.673478,-406075.469491],
[706.264396,1097972.172137,621678.032002,-349602.016472],
[707.753828,1145169.358260,638450.963742,-290830.015751],
[709.212578,1187627.219153,654017.540502,-232834.325638],
[710.639353,1225659.457212,668521.290706,-175934.137489],
[712.314741,1266059.752781,684770.373959,-109181.690061],
[714.093977,1304126.799559,701256.952474,-38688.539088],
[716.213754,1343286.818228,720087.349128,44321.525204],
[718.372499,1376628.012648,738607.799410,127294.407132],
[720.842585,1407210.933556,759302.001032,219727.096562],
[723.336205,1430494.032683,779976.178048,309758.414377],
[725.989811,1447597.293328,802068.219938,401363.051829],
[728.767103,1457823.673781,825613.063327,492021.193051],
[731.608484,1461036.749129,850438.519978,578706.170050],
[734.524350,1457645.494802,876929.559753,660785.679834],
[737.465322,1448322.903786,904860.686267,736077.518174],
[740.428751,1433903.080260,934329.316540,803962.679194],
[743.325548,1415846.224231,964430.340983,862294.033881],
[746.352532,1393739.066680,997178.385830,914539.203834],
[749.359895,1369421.398207,1030864.688198,957472.109165],
[752.219214,1344935.319999,1063735.037334,989910.761885],
[755.435056,1316712.028816,1101335.057917,1016603.701409],
[758.650899,1288673.497262,1139134.314782,1032975.445725],
[761.605168,1263815.181928,1173543.328725,1039022.598098],
[764.598164,1240134.270151,1207562.220062,1036524.153228],
[766.673215,1224887.863610,1230347.935171,1029803.488367],
[767.001617,1222575.603365,1233877.839661,1028371.796216],
[767.038740,1222316.043904,1234275.424219,1028203.682079],
[767.038740,1222316.043904,1234275.424219,1028203.682079],
[767.075863,1222056.857296,1234672.711809,1028034.295457],
[767.404264,1219780.371069,1238174.121927,1026480.508723],
[769.479316,1206105.969793,1259703.624407,1014385.041213],
[772.472311,1188721.446484,1288609.105804,990165.952215],
[775.426580,1174521.451005,1314048.957533,958707.118708],
[778.642423,1162622.487451,1337445.736301,916351.688205],
[781.858266,1154533.417292,1355486.975946,866033.606467],
[784.717584,1150515.045258,1366293.861652,815049.707280],
[787.724948,1149375.436869,1371615.624684,755554.073342],
[790.751931,1151173.167950,1369987.618348,690095.411593],
[793.648728,1155319.609846,1361201.455957,622713.818914],
[796.612157,1161568.188919,1344253.585068,549512.374260],
[799.553129,1169227.768671,1318870.682877,473138.566142],
[802.468996,1177613.852659,1284726.089153,394308.736536],
[805.310376,1185840.656677,1242371.359215,315066.645853],
[808.087668,1193185.092728,1191902.836491,235840.232644],
[810.741274,1198806.841711,1134989.369378,159020.686679],
[813.234894,1202135.456910,1073538.187874,86303.184658],
[815.704980,1202847.875302,1004890.285260,14231.518702],
[817.863726,1200767.266639,938469.386683,-48402.950716],
[819.983502,1195714.702951,867376.297413,-109222.404291],
[821.762738,1188761.298297,803214.431640,-159472.745577],
[823.438127,1179614.348685,739075.993602,-205891.490772],
[824.864901,1169598.489499,681642.878028,-244563.975992],
[826.323651,1157018.368682,620294.780885,-283120.945175],
[827.813083,1141499.882064,554980.727125,-321282.504898],
[829.262177,1123572.927461,488926.479900,-357047.109358],
[830.689067,1102961.312810,421572.607308,-390747.077917],
[832.109587,1079292.932694,352371.698739,-422586.865411],
[833.503279,1052793.345021,282551.360124,-451943.209111],
[834.791581,1025218.424200,216476.963276,-477214.429375],
[836.036668,995593.703233,151390.411565,-499740.495683],
[837.274424,963098.833363,85680.820444,-520091.105981],
[838.548548,926338.379759,17224.380118,-538699.731441],
[839.738062,888876.281190,-47191.777995,-553730.411211],
[840.966597,846908.501287,-113954.028429,-566672.698095],
[842.227951,800289.439404,-182413.085117,-577011.853063],
[843.230540,760662.070278,-236512.097296,-582950.504603],
[844.200309,720170.007839,-288359.150712,-586663.090617],
[845.136379,679093.087069,-337763.530120,-588265.215418],
[846.045113,637384.562531,-384939.563874,-587887.523958],
[846.917209,595714.717040,-429316.827646,-585679.295878],
[847.701330,556930.352563,-468332.047903,-582114.758707],
[848.458361,518359.833704,-505089.439294,-577231.905939],
[849.204912,479302.415788,-540359.337866,-571016.017449],
[849.915351,441256.457010,-572931.155977,-563803.419310],
[850.615959,402964.498777,-604024.687662,-555452.383337],
[851.159023,372799.583059,-627377.293520,-548137.456360],
[851.683943,343276.639137,-649294.633623,-540373.990045],
[852.265266,310201.447656,-672782.567797,-530990.172559],
[852.265266,310201.447656,-672782.567797,-530990.172559],
[852.846590,276771.469706,-695413.181054,-520792.168258],
[853.371509,246319.676970,-715085.806976,-510896.637311],
[853.914574,214589.442602,-734654.893364,-499987.119349],
[854.615181,173379.330375,-758692.715205,-484929.518240],
[855.325620,131356.832190,-781645.015923,-468566.712114],
[856.072171,87042.619987,-804189.848309,-450234.608066],
[856.829203,42047.432393,-825381.771680,-430512.324343],
[857.613323,-4509.117506,-845546.898472,-408949.031741],
[858.485419,-56096.188681,-865839.397536,-383698.637611],
[859.394154,-109482.477430,-884607.630890,-356076.555481],
[860.330224,-163922.322754,-901440.125174,-326350.417055],
[861.299993,-219569.168107,-916261.374641,-294330.633642],
[862.302582,-276133.656737,-928867.383926,-260069.194084],
[863.563935,-345678.767963,-940963.312259,-215526.590644],
[864.792471,-411461.662254,-948921.637999,-170858.130931],
[865.981985,-473141.416207,-953256.199072,-126636.064922],
[867.256108,-536858.159223,-954476.483092,-78442.873713],
[868.493864,-596313.556287,-952530.547984,-31018.371932],
[869.738952,-653608.743685,-947719.309471,17100.444083],
[871.027253,-710181.232756,-939997.614338,67148.077945],
[872.420946,-768236.682527,-928812.650058,121400.857343],
[873.841465,-824030.158545,-914715.208068,176637.441191],
[875.268355,-876647.452104,-898142.513920,231898.973195],
[876.717450,-926598.724986,-879158.972336,287649.683474],
[878.206882,-974330.282915,-857706.173339,344434.624070],
[879.665631,-1017593.863917,-835083.342719,399434.246153],
[881.092406,-1056642.911255,-811674.683252,452553.431735],
[882.767794,-1098474.821750,-782887.947924,513982.422935],
[884.547030,-1138282.977233,-751153.264085,578001.265898],
[886.666807,-1179728.760550,-712304.829486,652511.720524],
[888.825552,-1215539.167286,-672159.761880,726302.843133],
[891.295639,-1249004.249641,-626224.458897,808018.223019],
[893.789258,-1275137.730687,-580587.495986,887450.403352],
[896.442864,-1295082.916294,-533606.731806,968487.350547],
[899.220157,-1307946.558231,-486965.547020,1049338.842028],
[902.061537,-1313382.227556,-442675.282172,1127759.109351],
[904.977404,-1311664.910602,-401524.403373,1203614.087549],
[907.918375,-1303318.729097,-365042.176635,1275275.149770],
[910.881804,-1289090.618763,-333894.579923,1342447.425771],
[913.778601,-1270407.616569,-309277.154955,1403107.103304],
[916.805585,-1246761.705544,-290005.049290,1461074.123884],
[919.812949,-1220017.344458,-277570.989557,1513030.679155],
[922.672267,-1192411.675770,-272021.073691,1557069.520633],
[925.888110,-1159778.445875,-273041.967332,1600160.805328],
[929.103952,-1126449.141646,-281577.703092,1636206.273528],
[932.058221,-1096040.419189,-295777.482056,1662892.599791],
[935.051217,-1066163.642399,-316020.109275,1683433.462215],
[937.126268,-1046343.711252,-333287.944382,1693719.436243],
[937.454670,-1043290.112455,-336250.459503,1695044.409487],
[937.491793,-1042946.477192,-336589.185494,1695188.930998],
[937.491793,-1042946.477192,-336589.185494,1695188.930998],
[937.528916,-1042603.160068,-336928.687625,1695332.383479],
[937.857318,-1039580.085607,-339965.672251,1696554.783069],
[939.932369,-1021101.474784,-360509.989166,1702323.755770],
[942.925364,-996597.118821,-393957.856475,1704579.745243],
[945.879633,-975282.654105,-430824.382278,1699576.046360],
[949.095476,-955724.506425,-474504.429905,1685701.271334],
[952.311319,-940270.888130,-520959.683397,1662768.241919],
[955.170637,-930129.378698,-563777.389723,1634553.212591],
[958.178001,-923161.798118,-609495.250812,1596728.877496],
[961.204984,-919912.837223,-655320.664594,1550036.326222],
[964.101781,-920174.895481,-698125.088258,1497098.803594],
[967.065211,-923582.189508,-739956.077336,1434462.669710],
[970.006182,-929726.119020,-778612.587558,1363724.802908],
[972.922049,-938057.867169,-813233.038164,1285097.020964],
[975.763429,-947771.522273,-842566.374411,1200326.078552],
[978.540721,-958176.132628,-866234.812769,1109720.415451],
[981.194328,-968324.668500,-883504.044538,1016068.024685],
[983.687947,-977431.899411,-894347.851126,921862.755770],
[986.158033,-985409.845658,-899366.450313,822774.244108],
[988.316779,-990996.444954,-898640.252209,731629.282622],
[990.436555,-994717.650211,-892895.317181,638184.592954],
[992.215792,-996111.909829,-883950.854949,556893.484641],
[993.891180,-995667.418018,-871875.790160,478114.673632],
[995.317954,-993719.217547,-858654.782029,409442.621298],
[996.776704,-990021.401429,-842214.331406,337856.826096],
[998.266136,-984240.539006,-822249.207053,263485.937135],
[999.715231,-976440.261353,-799617.069369,190065.311813],
[1001.142120,-966430.469182,-774123.375687,116942.495021],
[1002.562640,-953935.335067,-745472.362990,43555.022476],
[1003.956332,-938991.200714,-714093.523834,-28770.243154],
[1005.244634,-922610.300499,-682134.061683,-95666.398782],
[1006.489721,-904258.407397,-648496.584187,-160110.445029],
[1007.727478,-883395.088273,-612340.559200,-223712.945334],
[1009.001601,-859026.620585,-572271.721378,-288401.136920],
[1010.191115,-833489.368621,-532253.666647,-347774.326554],
[1011.419650,-804163.570766,-488301.248140,-407725.789509],
[1012.681004,-770824.377757,-440459.215306,-467446.100984],
[1013.683593,-741933.528669,-400531.020595,-513308.473260],
[1014.653362,-711946.798698,-360375.538185,-556085.109658],
[1015.589432,-681092.016300,-320257.510333,-595698.228354],
[1016.498166,-649353.858561,-280116.076369,-632395.318885],
[1017.370262,-617266.666936,-240571.345447,-665820.163301],
[1018.154383,-587085.957110,-204238.351096,-694248.292695],
[1018.911414,-556789.452727,-168534.417204,-720132.340385],
[1019.657965,-525840.340117,-132794.221456,-744067.163256],
[1020.368405,-495445.231627,-98362.198427,-765304.231234],
[1021.069012,-464619.099808,-64072.272314,-784714.850598],
[1021.612077,-440176.816059,-37307.791990,-798679.515124],
[1022.136996,-416124.250262,-11317.209056,-811257.635076],
[1022.718319,-389029.296159,17567.973500,-824111.314115],
[1022.718319,-389029.296159,17567.973500,-824111.314115],
[1023.299643,-361489.397870,46520.902864,-835815.555114],
[1023.824562,-336271.945826,72689.055269,-845383.905875],
[1024.367627,-309866.567391,99753.452437,-854274.850312],
[1025.068234,-275380.725398,134604.762837,-864221.429883],
[1025.778673,-239998.566273,169806.550451,-872550.706603],
[1026.525224,-202456.812020,206572.863820,-879401.969135],
[1027.282256,-164103.013336,243544.223048,-884375.672120],
[1028.066376,-124175.063944,281430.381873,-887460.812584],
[1028.938473,-79650.498617,322989.180637,-888472.327356],
[1029.847207,-33267.043683,365549.655424,-886890.263832],
[1030.783277,14346.426252,408500.499580,-882547.983839],
[1031.753046,63339.046025,451954.952401,-875271.920258],
[1032.755635,113471.045756,495682.742362,-864929.673278],
[1034.016989,175562.215609,548866.186234,-848104.530687],
[1035.245524,234754.983002,598622.205833,-827941.440026],
[1036.435038,290664.038516,644825.682617,-805177.700567],
[1037.709161,348838.880662,692139.696278,-777592.052757],
[1038.946918,403513.888925,735950.835885,-747943.413817],
[1040.192005,456567.818914,777905.728582,-715595.701995],
[1041.480306,509315.098629,819127.454494,-679772.098791],
[1042.873999,563834.015484,861284.308294,-638669.907491],
[1044.294519,616617.818594,901739.558571,-594624.784201],
[1045.721408,666766.516736,939931.467456,-548542.717591],
[1047.170503,714729.076329,976331.560670,-500187.032288],
[1048.659935,760908.939322,1011373.636308,-449172.065124],
[1050.118684,803087.442773,1043499.249096,-398207.300972],
[1051.545459,841446.694318,1072948.932271,-347653.119195],
[1053.220847,882881.992015,1105209.082949,-287698.931609],
[1055.000084,922691.474955,1136932.141330,-223675.152504],
[1057.119860,964611.670556,1171625.816127,-147400.597088],
[1059.278606,1001326.226533,1203852.617131,-70247.397959],
[1061.748692,1036210.907646,1237355.501983,16746.756082],
[1064.242311,1064052.629275,1268032.208697,102531.024393],
[1066.895917,1085968.052626,1297758.224459,190894.295319],
[1069.673210,1100906.761636,1326226.597184,279461.918097],
[1072.514590,1108327.463672,1353132.543760,365263.524192],
[1075.430457,1108359.137956,1378966.284422,447622.121563],
[1078.371428,1101354.128651,1403702.929181,524270.328996],
[1081.334858,1087939.558861,1427725.782980,594467.753311],
[1084.231654,1069446.935059,1450675.931346,655835.352389],
[1087.258638,1045295.694796,1474373.558187,711923.307563],
[1090.266002,1017293.480426,1497823.517926,759202.538792],
[1093.125320,987774.703304,1520127.860930,796127.491723],
[1096.341163,952157.741983,1545237.587903,828123.779188],
[1099.557005,914994.293700,1570280.130307,849911.993083],
[1102.511275,880364.151216,1593050.275736,860900.980395],
[1105.504270,845597.248288,1615633.899547,863257.921985],
[1107.579321,822070.005601,1630833.581635,859758.268083],
[1107.907723,818408.523170,1633194.728222,858822.827662],
[1107.944846,817995.830385,1633460.787174,858710.558974],
[1107.944846,817995.830385,1633460.787174,858710.558974],
[1107.981969,817583.387123,1633726.670928,858596.966098],
[1108.310371,813945.845304,1636071.006257,857534.470473],
[1110.385422,791470.616751,1650527.862987,848442.030949],
[1113.378417,760917.369970,1670054.358557,828205.236261],
[1116.332687,733419.966389,1687336.147985,800210.295938],
[1119.548529,707057.406630,1703247.090758,761033.332983],
[1122.764372,684914.627316,1715373.493575,713226.676411],
[1125.623690,669093.206449,1722298.739895,663890.911759],
[1128.631054,656602.165803,1724953.677511,605527.605332],
[1131.658038,648448.505973,1722082.138869,540596.944341],
[1134.554834,644814.727565,1713396.278668,473172.763599],
[1137.518264,645231.823685,1697752.541731,399417.586877],
[1140.459235,649591.587794,1674721.214411,322045.305854],
[1143.375102,657504.868210,1643765.578105,241861.452773],
[1146.216482,668280.847438,1605128.727296,161040.759757],
[1148.993775,681290.907545,1558642.545229,80123.454502],
[1151.647381,695522.697259,1505613.406859,1654.632109],
[1154.141000,710010.520171,1447647.997012,-72542.919983],
[1156.611086,724905.324993,1382053.634962,-145911.111751],
[1158.769832,737914.974721,1317770.994398,-209453.480261],
[1160.889608,750247.316841,1248102.187884,-270877.680790],
[1162.668845,759928.305812,1184473.971763,-321354.608406],
[1164.344233,768205.697936,1120165.405511,-367701.117579],
[1165.771008,774410.300605,1061986.620687,-406056.993471],
[1167.229757,779756.399070,999223.192945,-444013.016762],
[1168.719189,783965.808467,931696.527403,-481235.106966],
[1170.168284,786633.112197,862656.741861,-515732.059200],
[1171.595173,787662.611879,791471.644366,-547805.299091],
[1173.015693,786886.812871,717488.251980,-577614.455722],
[1174.409386,784151.252393,641948.080343,-604542.172392],
[1175.697687,779680.285962,569603.931655,-627151.271447],
[1176.942774,773403.274451,497493.235109,-646694.903139],
[1178.180531,765083.319518,423798.256628,-663654.937608],
[1179.454654,754171.840699,346014.841399,-678303.352468],
[1180.644168,741675.519005,271824.358892,-689183.878145],
[1181.872703,726273.362009,193837.726845,-697360.320209],
[1183.134057,707671.098671,112618.170790,-702281.398537],
[1184.136646,690779.419369,47461.252638,-703524.890403],
[1185.106415,672608.566147,-15863.152635,-702364.221054],
[1186.042485,653324.403885,-77077.128969,-698952.020052],
[1186.951219,632943.701872,-136400.869526,-693416.442167],
[1187.823316,611841.507267,-193059.432018,-685993.604863],
[1188.607436,591583.474097,-243626.249474,-677524.287938],
[1189.364468,570885.066894,-291979.558166,-667717.837211],
[1190.111019,549396.863978,-339095.158336,-656472.292962],
[1190.821458,527980.997890,-383300.634241,-644320.072343],
[1191.522065,505967.922103,-426192.796910,-630959.366680],
[1192.065130,488316.499341,-458900.630598,-619672.232980],
[1192.590049,470785.508399,-490024.034883,-607999.894460],
[1193.171373,450854.953375,-523882.500360,-594212.774895],
[1193.171373,450854.953375,-523882.500360,-594212.774895],
[1193.752696,430408.742351,-557053.946281,-579539.158976],
[1194.277616,411527.738082,-586378.493915,-565545.445814],
[1194.820680,391601.239970,-616054.178104,-550344.691288],
[1195.521287,365346.842316,-653291.376573,-529682.667333],
[1196.231727,338151.369130,-689786.117235,-507569.774522],
[1196.978278,309022.802956,-726699.969628,-483136.619927],
[1197.735309,278986.613015,-762571.721143,-457181.317287],
[1198.519430,247432.280867,-798019.178638,-429129.184664],
[1199.391526,211916.129279,-835353.352571,-396642.937306],
[1200.300260,174562.657221,-871874.746512,-361482.906864],
[1201.236330,135856.468489,-906931.186792,-324018.925800],
[1202.206099,95659.254668,-940504.248681,-284037.168962],
[1203.208688,54150.719828,-972298.165445,-241628.591092],
[1204.470042,2227.132605,-1008159.346084,-186995.319986],
[1205.698577,-47788.538828,-1038773.567263,-132707.222803],
[1206.888091,-95483.438645,-1064507.190614,-79399.167594],
[1208.162214,-145573.898408,-1087993.761529,-21751.765744],
[1209.399971,-193078.993586,-1106974.559957,34558.175616],
[1210.645058,-239572.989724,-1122469.590996,91298.983728],
[1211.933360,-286189.785521,-1134936.795736,149918.774811],
[1213.327052,-334789.467016,-1144618.821360,213031.626789],
[1214.747572,-382256.726440,-1150724.258486,276846.303410],
[1216.174461,-427745.123377,-1153345.863100,340257.687450],
[1217.623556,-471622.807209,-1152719.880770,403802.972229],
[1219.112988,-514232.724012,-1148942.318016,468092.774652],
[1220.571738,-553482.774646,-1142463.212479,529946.982691],
[1221.998512,-589475.772247,-1133736.468233,589300.073358],
[1223.673900,-628703.563047,-1120808.997695,657462.869374],
[1225.453137,-666774.534179,-1104311.301801,727951.299935],
[1227.572913,-707337.055912,-1081507.725549,809274.361944],
[1229.731659,-743351.182999,-1055415.069722,889032.104025],
[1232.201745,-778130.857846,-1022831.798114,976416.723587],
[1234.695364,-806464.021519,-987851.190057,1060373.565976],
[1237.348971,-829391.887861,-949258.503711,1144972.070384],
[1240.126263,-845752.780493,-908335.075406,1228251.307202],
[1242.967643,-854834.199831,-866885.067170,1307877.540495],
[1245.883510,-856613.481050,-825746.311636,1383737.666202],
[1248.824481,-851255.791865,-786582.933709,1454260.318222],
[1251.787911,-839241.034874,-750300.941307,1519252.542445],
[1254.684708,-821746.993707,-718605.507144,1576906.914686],
[1257.711691,-798145.933421,-690089.569877,1630949.027107],
[1260.719055,-770109.678492,-666937.727055,1678354.838046],
[1263.578373,-739967.885737,-650089.567213,1717596.472925],
[1266.794216,-702923.801703,-637478.150911,1754899.512354],
[1270.010059,-663550.405952,-631789.662401,1784905.409921],
[1272.964328,-626212.324083,-632734.834058,1805963.862528],
[1275.957323,-588074.752647,-639670.509230,1820854.625848],
[1278.032374,-561868.436360,-647933.346361,1827317.099888],
[1278.360776,-557759.092235,-649494.437515,1828047.031963],
[1278.397899,-557295.378314,-649675.206289,1828124.485228],
[1278.397899,-557295.378314,-649675.206289,1828124.485228],
[1278.435022,-556831.834392,-649856.846710,1828200.910015],
[1278.763424,-552738.800857,-651501.570583,1828832.159114],
[1280.838475,-527249.215135,-663443.545514,1830948.598572],
[1283.831471,-491982.380944,-685197.227963,1828239.265921],
[1286.785740,-459503.788911,-711539.185851,1818766.861392],
[1290.001583,-427488.970104,-745129.024421,1800607.808422],
[1293.217425,-399624.760929,-783109.180117,1774076.273332],
[1296.076743,-378814.890237,-819871.274035,1743290.045873],
[1299.084107,-361346.299725,-860808.218074,1703435.745160],
[1302.111091,-348644.289665,-903512.837330,1655418.112206],
[1305.007888,-341273.485754,-944926.440668,1601890.050690],
[1307.971317,-338682.155135,-986917.072320,1539321.700650],
[1310.912288,-341067.214099,-1027242.272222,1469292.355381],
[1313.828155,-348216.183656,-1064891.512691,1391950.590162],
[1316.669535,-359583.532095,-1098349.330172,1308930.892336],
[1319.446828,-374630.448449,-1126997.339093,1220439.542645],
[1322.100434,-392323.503855,-1149713.755599,1129100.013119],
[1324.594053,-411558.740914,-1166102.743048,1037249.214356],
[1327.064140,-432719.439652,-1176822.294496,940581.312999],
[1329.222885,-452583.564247,-1181075.509871,851550.598228],
[1331.342662,-472988.068809,-1180050.750404,760110.083491],
[1333.121898,-490532.687823,-1174811.664405,680392.268811],
[1334.797286,-507170.207567,-1165904.752395,602958.647679],
[1336.224061,-521256.446550,-1155058.541653,535294.928473],
[1337.682810,-535412.812946,-1140664.297902,464577.947676],
[1339.172242,-549428.525544,-1122310.315309,390891.145543],
[1340.621337,-562446.838440,-1100699.081984,317903.993700],
[1342.048227,-574470.636572,-1075599.426932,244948.484741],
[1343.468746,-585448.078304,-1046651.478958,171434.934208],
[1344.862439,-595040.647022,-1014225.610321,98665.102436],
[1346.150740,-602675.014122,-980554.896063,31042.353373],
[1347.395828,-608747.215601,-944514.906867,-34421.793432],
[1348.633584,-613334.241345,-905174.438285,-99376.400653],
[1349.907707,-616356.628204,-860929.257065,-165837.857372],
[1351.097221,-617447.377788,-816128.263976,-227241.870866],
[1352.325757,-616641.999694,-766280.705340,-289696.395818],
[1353.587110,-613589.661974,-711318.699042,-352439.830511],
[1354.589700,-609435.388793,-664925.252968,-401047.332611],
[1355.559468,-603874.553854,-617814.918323,-446776.982159],
[1356.495538,-597003.809480,-570315.921763,-489524.042011],
[1357.404273,-588871.284272,-522373.821026,-529533.276463],
[1358.276369,-579676.339979,-474752.273702,-566387.517255],
[1359.060489,-570226.343406,-430665.563797,-598107.855199],
[1359.817521,-560030.639494,-387039.362202,-627355.678267],
[1360.564072,-548942.469725,-343074.606259,-654782.629164],
[1361.274511,-537441.808075,-300445.709791,-679500.069440],
[1361.975118,-525203.850891,-257730.329602,-702488.115877],
[1362.518183,-515114.729390,-224209.807855,-719321.378971],
[1363.043102,-504871.490208,-191509.278500,-734748.525667],
[1363.624426,-492976.382052,-154995.721895,-750841.193561],
[1363.624426,-492976.382052,-154995.721895,-750841.193561],
[1364.205749,-480517.442387,-118217.052335,-765868.224596],
[1364.730669,-468798.063969,-84822.239016,-778504.997803],
[1365.273733,-456221.316666,-50131.020573,-790634.271791],
[1365.974341,-439345.789254,-5230.899917,-804847.551476],
[1366.684780,-421525.556807,40379.892448,-817596.466007],
[1367.431331,-402083.217681,88295.097456,-829181.520503],
[1368.188362,-381677.342368,136762.739231,-839036.516776],
[1368.972483,-359875.682453,186726.246038,-847249.669483],
[1369.844579,-334920.147505,241878.770054,-854033.046555],
[1370.753313,-308229.159741,298736.200270,-858521.435136],
[1371.689383,-280121.872949,356501.749050,-860469.442283],
[1372.659152,-250476.849789,415341.592915,-859725.977890],
[1373.661741,-219405.874709,474956.679019,-856129.437769],
[1374.923095,-179919.145900,548013.756357,-847742.591058],
[1376.151630,-141266.462395,616913.159045,-835707.733763],
[1377.341144,-103870.182909,681371.748926,-820695.070418],
[1378.615268,-64053.266056,747857.770737,-801249.810104],
[1379.853024,-25794.253349,809851.376147,-779321.401415],
[1381.098111,12107.828766,869601.738829,-754529.602371],
[1382.386413,50556.793619,928665.936000,-726281.868571],
[1383.780105,91113.232415,989424.206001,-693077.792830],
[1385.200625,131189.432342,1048047.440544,-656746.750965],
[1386.627515,170029.496752,1103649.928619,-618057.173449],
[1388.076609,207904.668333,1156844.104306,-576832.214250],
[1389.566041,245082.409126,1208195.027503,-532741.943640],
[1391.024791,279688.617187,1255343.506803,-488155.851653],
[1392.451566,311742.317795,1298569.426935,-443451.026198],
[1394.126954,347048.184793,1345843.924233,-389871.893250],
[1395.906190,381716.785017,1392138.559157,-332035.169699],
[1398.025966,419148.882711,1442357.445760,-262352.581024],
[1400.184712,452888.614406,1488368.570997,-191052.172054],
[1402.654798,486043.267168,1535183.296328,-109710.192733],
[1405.148418,513629.596303,1576704.456204,-28530.452557],
[1407.802024,536567.862924,1615206.060020,56106.725270],
[1410.579316,553635.900420,1649936.526735,142015.478344],
[1413.420696,563981.141426,1680318.365648,226341.229103],
[1416.336563,567430.267624,1706833.122097,308410.668847],
[1419.277535,563954.051763,1729519.123655,385929.574339],
[1422.240964,553864.202201,1748943.356883,458079.561635],
[1425.137761,538133.305716,1765197.701270,522290.182611],
[1428.164745,516113.889479,1779862.076627,582213.634143],
[1431.172108,489268.894441,1792581.224338,634049.141761],
[1434.031426,459821.407219,1803348.865555,675872.549890],
[1437.247269,422969.180344,1814280.054655,713889.009656],
[1440.463112,383106.617581,1824252.520490,742075.940990],
[1443.417381,344692.425122,1832731.601045,759132.879291],
[1446.410376,304850.954985,1840718.157188,767687.699904],
[1448.485428,277110.889643,1845887.432055,768446.932233],
[1448.813830,272733.279183,1846675.736638,768179.316657],
[1448.850952,272238.810347,1846764.310156,768142.407848],
[1448.850952,272238.810347,1846764.310156,768142.407848],
[1448.888075,271744.424554,1846852.773542,768104.147224],
[1449.216477,267374.781812,1847630.509702,767706.825752],
[1451.291529,239984.839377,1852331.286184,762756.793901],
[1454.284524,201545.724480,1858359.482164,748251.344013],
[1457.238793,165505.392968,1863210.165276,725534.620850],
[1460.454636,129237.495275,1866867.509854,691560.505545],
[1463.670478,96869.637564,1868328.950761,648282.165564],
[1466.529797,71980.794574,1867289.266985,602328.290637],
[1469.537160,50298.103944,1863258.141796,546803.870029],
[1472.564144,33602.874093,1855524.938051,483937.460081],
[1475.460941,22817.179335,1844017.919619,417711.136183],
[1478.424370,17330.673864,1827382.356855,344377.086268],
[1481.365342,17636.790723,1805263.905362,266617.200414],
[1484.281209,23709.009849,1777044.520698,185271.541618],
[1487.122589,35170.927299,1742758.496340,102603.498394],
[1489.899881,51597.087337,1702031.486861,19240.862626],
[1492.553487,71978.148646,1655774.324705,-62103.324209],
[1495.047107,95120.140337,1605171.157566,-139426.866443],
[1497.517193,121621.922827,1547676.004236,-216233.962309],
[1499.675938,147472.377784,1490996.311631,-283004.523819],
[1501.795715,175057.283433,1429137.282254,-347744.736509],
[1503.574951,199698.759988,1372224.228670,-401072.905618],
[1505.250339,223969.278842,1314283.634797,-450123.240199],
[1506.677114,245321.527153,1261496.325507,-490768.323338],
[1508.135864,267669.469656,1204151.214412,-531024.950549],
[1509.625296,290878.940764,1141989.030594,-570524.786496],
[1511.074390,313679.308648,1077931.974347,-607137.393332],
[1512.501280,336171.915459,1011348.957899,-641164.665514],
[1513.921800,358422.838260,941567.156063,-672757.807155],
[1515.315492,379924.301204,869698.518026,-701244.447960],
[1516.603793,399330.348374,800276.405760,-725094.236492],
[1517.848881,417486.382491,730489.830354,-745624.684303],
[1519.086637,434779.916891,658550.525417,-763330.173439],
[1520.360761,451604.078606,581923.921798,-778469.767663],
[1521.550275,466234.229194,508150.921182,-789527.555125],
[1522.778810,480060.828361,429856.032525,-797573.112190],
[1524.040164,492691.816055,347468.201234,-801998.143727],
[1525.042753,501456.507939,280721.244588,-802566.509160],
[1526.012522,508748.722799,215268.442545,-800502.127778],
[1526.948592,514591.676294,151424.704620,-795973.336473],
[1527.857326,519062.752920,88988.258763,-789116.111576],
[1528.729422,522176.916083,28810.352513,-780198.969569],
[1529.513543,523947.960091,-25373.429376,-770193.898445],
[1530.270574,524700.553953,-77629.120266,-758730.505836],
[1531.017125,524497.016271,-128988.691886,-745682.981750],
[1531.727564,523414.185598,-177596.019560,-731661.745698],
[1532.428172,521486.196426,-225172.232165,-716312.203955],
[1532.971236,519400.312576,-261741.653880,-703385.449478],
[1533.496156,516892.497125,-296785.634379,-690048.443943],
[1534.077479,513552.701324,-335196.925115,-674328.205973],
[1534.077479,513552.701324,-335196.925115,-674328.205973],
[1534.658803,509625.540275,-373137.001509,-657629.841286],
[1535.183722,505579.973080,-406947.114251,-641731.568214],
[1535.726786,500902.632525,-441436.519515,-624486.919561],
[1536.427394,494143.505787,-485132.787247,-601082.390687],
[1537.137833,486477.332033,-528448.180851,-576073.465416],
[1537.884384,477570.930689,-572803.543782,-548480.663752],
[1538.641415,467687.191262,-616485.597092,-519209.126183],
[1539.425536,456591.026401,-660277.589725,-487613.924468],
[1540.297632,443286.768317,-707163.437205,-451072.060021],
[1541.206366,428424.771545,-753900.745261,-411574.377577],
[1542.142437,412144.791523,-799715.184849,-369542.576471],
[1543.112205,394347.569301,-844634.811100,-324743.096318],
[1544.114795,375072.084263,-888321.072041,-277285.058366],
[1545.376148,349747.947441,-939295.707221,-216234.651641],
[1546.604683,324147.534199,-984704.154021,-155664.962654],
[1547.794198,298684.247324,-1024751.117247,-96279.498544],
[1549.068321,270881.037537,-1063477.521417,-32161.300985],
[1550.306077,243540.184593,-1097101.868874,30366.255269],
[1551.551165,215886.494449,-1127103.834583,93266.672155],
[1552.839466,187285.739528,-1154287.292095,158134.947962],
[1554.233159,156545.027759,-1179492.201301,227838.778123],
[1555.653678,125611.383232,-1200936.711672,298166.387509],
[1557.080568,95117.123003,-1218424.261520,367889.815325],
[1558.529663,64899.765521,-1232294.913913,437590.335545],
[1560.019094,34779.021971,-1242747.045855,507922.031330],
[1561.477844,6329.091087,-1249513.386774,575400.223351],
[1562.904619,-20384.433074,-1253055.122639,639962.480492],
[1564.580007,-50225.363669,-1253640.891410,713862.964675],
[1566.359243,-79976.431592,-1250412.522433,789985.518803],
[1568.479020,-112642.167562,-1241935.995401,877391.810666],
[1570.637765,-142632.937866,-1228757.144190,962632.722418],
[1573.107851,-172713.572912,-1208863.739594,1055405.428296],
[1575.601471,-198347.430688,-1184441.735509,1143845.427957],
[1578.255077,-220293.600349,-1154628.617897,1232171.715652],
[1581.032370,-237322.838783,-1120237.941642,1318224.742920],
[1583.873750,-248479.771588,-1082747.550590,1399532.219928],
[1586.789616,-253448.001668,-1042928.940170,1475952.876003],
[1589.730588,-252005.184159,-1002435.048625,1545910.595214],
[1592.694017,-244281.210235,-962291.189523,1609263.080336],
[1595.590814,-231000.963755,-924574.790955,1664360.965903],
[1598.617798,-211525.531241,-887630.972819,1714824.620840],
[1601.625162,-187045.033544,-854204.269955,1757867.751480],
[1604.484480,-159578.828994,-826085.152170,1792323.765344],
[1607.700322,-124529.054210,-799368.630881,1823637.811895],
[1610.916165,-85919.483498,-778422.838252,1847165.495666],
[1613.870434,-48108.039744,-764665.066180,1861981.114535],
[1616.863430,-8303.908146,-756351.510388,1870397.091902],
[1618.938481,19757.550517,-753996.901377,1872351.424429],
[1619.266883,24212.107610,-753882.472206,1872369.934695],
[1619.304006,24715.721026,-753873.984174,1872367.029986],
[1619.304006,24715.721026,-753873.984174,1872367.029986],
[1619.341129,25219.341986,-753866.399567,1872363.110293],
[1619.669531,29674.622442,-753838.652741,1872284.232447],
[1621.744582,57767.867684,-755297.190263,1869949.430170],
[1624.737577,97699.314783,-762338.389988,1860993.213547],
[1627.691846,135726.274043,-774885.993965,1845663.760282],
[1630.907689,174662.193299,-794594.378193,1821610.675948],
[1634.123532,210119.090116,-820185.810871,1789818.919541],
[1636.982850,237999.159899,-847421.757429,1754987.913347],
[1639.990214,262948.327270,-880059.701557,1711609.877687],
[1643.017197,282907.126232,-916374.260020,1660879.040641],
[1645.913994,296636.332310,-953659.663524,1605598.155630],
[1648.877424,304778.229627,-993550.347846,1542138.173120],
[1651.818395,306564.433441,-1033992.713271,1472158.576045],
[1654.734262,301834.345876,-1073966.081623,1395803.629807],
[1657.575642,290778.792676,-1111810.921623,1314646.650950],
[1660.352934,273691.280169,-1146746.005471,1228824.777807],
[1663.006541,251512.949733,-1177263.226277,1140797.450596],
[1665.500160,225475.604285,-1202509.757768,1052707.543244],
[1667.970246,194790.975689,-1223372.805445,960346.545433],
[1670.128992,164083.962304,-1237520.222945,875516.884544],
[1672.248768,130524.230174,-1247053.522598,788559.295736],
[1674.028005,99862.830651,-1251245.905021,712846.059346],
[1675.703393,69020.034874,-1251628.478224,639356.730783],
[1677.130167,41334.958899,-1248954.791361,575163.045112],
[1678.588917,11772.137932,-1243114.171157,508077.911830],
[1680.078349,-19616.741692,-1233643.560191,438162.967437],
[1681.527444,-51202.694056,-1220759.115179,368881.188444],
[1682.954333,-83181.089484,-1204268.453601,299581.036936],
[1684.374853,-115733.035888,-1183836.995095,229683.566879],
[1685.768545,-148203.690081,-1159640.761906,160408.018074],
[1687.056847,-178533.292702,-1133397.667526,95939.018139],
[1688.301934,-207979.665577,-1104306.858583,33425.476175],
[1689.539691,-237223.909562,-1071585.450475,-28718.694253],
[1690.813814,-267114.560595,-1033779.678418,-92445.993682],
[1692.003328,-294644.714020,-994578.341783,-151472.406821],
[1693.231863,-322499.010806,-950022.882144,-211679.919557],
[1694.493217,-350261.297444,-899895.357306,-272370.645316],
[1695.495806,-371561.901061,-856856.576872,-319553.764637],
[1696.465575,-391388.465732,-812537.320675,-364098.329142],
[1697.401645,-409689.755831,-767274.701113,-405895.828822],
[1698.310379,-426569.029728,-721043.894662,-445178.451931],
[1699.182475,-441856.198521,-674614.286118,-481526.598448],
[1699.966596,-454770.881152,-631205.439229,-512959.117423],
[1700.723627,-466438.881321,-587867.291203,-542084.633654],
[1701.470178,-477128.871163,-543824.631681,-569544.662220],
[1702.180618,-486511.195652,-500781.284266,-594438.077348],
[1702.881225,-494977.435603,-457327.970659,-617739.448499],
[1703.424289,-500985.951168,-423009.081670,-634911.696360],
[1703.949209,-506323.161367,-389348.691726,-650746.397501],
[1704.530532,-511684.640829,-351556.835967,-667381.828071],
[1704.530532,-511684.640829,-351556.835967,-667381.828071],
[1705.111856,-516460.891597,-313275.054558,-683047.076700],
[1705.636775,-520265.943662,-278331.809709,-696341.310125],
[1706.179840,-523692.429008,-241850.349937,-709230.716177],
[1706.880447,-527345.104775,-194363.189083,-724542.446766],
[1707.590886,-530168.033255,-145818.186365,-738537.219795],
[1708.337437,-532186.816314,-94494.076747,-751569.686802],
[1709.094469,-533257.173115,-42243.456462,-763030.926445],
[1709.878589,-533351.451665,11967.081898,-773047.358301],
[1710.750686,-532279.921618,72211.780065,-781992.859991],
[1711.659420,-529896.446644,134757.605330,-788896.527116],
[1712.595490,-526155.275938,198754.278981,-793490.254554],
[1713.565259,-520983.666967,264405.968676,-795639.083143],
[1714.567848,-514346.090490,331398.702301,-795175.074011],
[1715.829202,-504291.315305,414148.534704,-790903.747256],
[1717.057737,-492862.016403,492846.436619,-783029.308629],
[1718.247251,-480444.573222,567051.040928,-772154.779033],
[1719.521374,-465870.185907,644178.677273,-757227.922073],
[1720.759131,-450642.401225,716636.931200,-739742.777400],
[1722.004218,-434445.683831,786971.680119,-719445.082715],
[1723.292519,-416943.110273,856982.750389,-695845.364303],
[1724.686212,-397361.621940,929506.957041,-667637.076319],
[1726.106731,-376922.461174,999969.972808,-636333.176437],
[1727.533621,-356106.730586,1067244.068783,-602599.334922],
[1728.982716,-334867.810857,1132003.868480,-566285.111226],
[1730.472148,-313120.465782,1194883.436915,-527089.875023],
[1731.930897,-292070.191869,1252921.061762,-487127.287448],
[1733.357672,-271864.335789,1306371.521768,-446763.776471],
[1735.033060,-248792.513840,1365067.566541,-398034.204484],
[1736.812297,-225259.223093,1422749.354224,-345032.437982],
[1738.932073,-198787.476785,1485470.976059,-280658.479928],
[1741.090819,-173856.388728,1542960.999581,-214231.982932],
[1743.560905,-148164.419712,1601289.018721,-137778.519839],
[1746.054524,-125603.339042,1652621.478640,-60764.633526],
[1748.708130,-105608.404843,1699522.928365,20305.990392],
[1751.485423,-89362.213703,1740771.296887,103447.258393],
[1754.326803,-77881.193269,1775423.426151,185959.854375],
[1757.242670,-71610.991542,1803839.761217,267221.888515],
[1760.183641,-70957.353596,1825973.527699,344975.271662],
[1763.147071,-75977.882228,1842441.427692,418380.510777],
[1766.043867,-86227.076943,1853612.788311,484749.354156],
[1769.070851,-102307.368681,1860822.986710,547837.830888],
[1772.078215,-123353.469908,1864172.280289,603651.755520],
[1774.937533,-147638.004900,1864427.294955,649938.799021],
[1778.153376,-179353.507292,1861943.263451,693651.328454],
[1781.369218,-215022.687820,1857138.004986,728112.845172],
[1784.323488,-250578.866192,1851144.842497,751314.662267],
[1787.316483,-288606.053869,1843896.458914,766338.200809],
[1789.391534,-315762.503903,1838325.275083,771657.805480],
[1789.719936,-320099.325034,1837408.608192,772114.116598],
[1789.757059,-320590.073042,1837304.424830,772159.051886],
[1789.757059,-320590.073042,1837304.424830,772159.051886],
[1789.794182,-321080.918840,1837200.128460,772202.636579],
[1790.122584,-325427.122813,1836272.616281,772529.359358],
[1792.197635,-352995.879698,1830220.767830,772144.865602],
[1795.190630,-392674.489402,1820965.294362,764128.824163],
[1798.144900,-431026.140806,1811261.246371,747592.004022],
[1801.360742,-470928.420712,1800015.957496,719945.510220],
[1804.576585,-507924.743410,1787906.352782,682429.402825],
[1807.435903,-537577.565482,1776195.636481,641006.422056],
[1810.443267,-564702.827663,1762615.274920,589536.583720],
[1813.470251,-587052.913573,1747242.886826,529913.752654],
[1816.367047,-603125.607804,1730481.046378,465918.613258],
[1819.330477,-613567.062336,1710729.191163,393907.733451],
[1822.271448,-617367.522328,1687927.074277,316438.130242],
[1825.187315,-614186.290727,1661518.119730,234323.767271],
[1828.028695,-604020.275237,1631463.582904,149859.044850],
[1830.805988,-587018.205322,1597276.779496,63719.453674],
[1833.459594,-564011.890644,1559508.322264,-21229.016389],
[1835.953213,-536217.131265,1518870.889137,-102783.984769],
[1838.423299,-502690.701899,1473120.206755,-184577.754108],
[1840.582045,-468469.153736,1428193.552829,-256338.626929],
[1842.701821,-430401.294394,1379179.433664,-326532.756895],
[1844.481058,-395060.002040,1334001.960150,-384843.824432],
[1846.156446,-358992.887236,1287866.375353,-438906.536826],
[1847.583221,-326184.936072,1245675.465161,-484050.824955],
[1849.041970,-290699.254341,1199645.455719,-529111.816492],
[1850.531402,-252502.790229,1149497.293318,-573712.776378],
[1851.980497,-213511.690303,1097529.687609,-615458.534172],
[1853.407386,-173445.094566,1043186.328390,-654682.734703],
[1854.827906,-132014.779420,985863.709100,-691566.014605],
[1856.221599,-89994.036040,926423.139188,-725329.582562],
[1857.509900,-50066.407206,868609.612505,-754108.347975],
[1858.754987,-10616.624010,810093.568519,-779424.235700],
[1859.992744,29300.234996,749347.430636,-801882.316033],
[1861.266867,70951.030114,684161.404884,-821879.551475],
[1862.456381,110178.004664,620925.507109,-837411.366881],
[1863.684916,150842.650949,553291.786417,-849983.629637],
[1864.946270,192522.909636,481529.906420,-858920.413953],
[1865.948859,225428.500399,422935.706768,-862950.419950],
[1866.918628,256922.911898,365071.476704,-864108.127563],
[1867.854698,286882.696436,308232.515430,-862553.547192],
[1868.763432,315432.473434,252256.572796,-858439.436070],
[1869.635529,342224.535271,197929.795205,-852006.668898],
[1870.419649,365718.431415,148689.078360,-844100.411032],
[1871.176681,387791.897963,100899.287671,-834533.228662],
[1871.923232,408908.218503,53631.285051,-823222.974708],
[1872.633671,428345.651721,8615.020474,-810726.495213],
[1873.334278,446836.111048,-35720.758281,-796752.833711],
[1873.877343,460676.429014,-69990.434497,-784802.545516],
[1874.402262,473625.406677,-102991.610080,-772332.909922],
[1874.983586,487453.842545,-139350.806897,-757483.985982],
[1874.983586,487453.842545,-139350.806897,-757483.985982],
[1875.564909,500724.763195,-175462.784305,-741561.827628],
[1876.089828,512214.137987,-207816.522129,-726281.927763],
[1876.632893,523594.697634,-240994.448016,-709594.130027],
[1877.333500,537499.538847,-283292.662507,-686783.211119],
[1878.043939,550688.195895,-325527.586735,-662233.050487],
[1878.790490,563543.934179,-369110.265099,-634968.328791],
[1879.547522,575521.608184,-412382.641807,-605870.738899],
[1880.331643,586802.209782,-456138.549543,-574290.858743],
[1881.203739,598010.238072,-503434.522681,-537574.855949],
[1882.112473,608209.452622,-551084.100295,-497689.826095],
[1883.048543,617170.595884,-598330.464358,-455050.033380],
[1884.018312,624850.620894,-645229.512037,-409410.095758],
[1885.020901,631141.042557,-691456.290092,-360873.360489],
[1886.282255,636795.064323,-746279.367324,-298188.914736],
[1887.510790,640036.387454,-796062.351966,-235761.807743],
[1888.700304,641207.481659,-840862.062981,-174358.338615],
[1889.974427,640498.877897,-885166.780340,-107871.602997],
[1891.212184,638049.678726,-924619.527325,-42869.322642],
[1892.457271,634017.797706,-960820.749328,22663.283216],
[1893.745573,628378.340457,-994703.276572,90375.967552],
[1895.139265,620811.867690,-1027402.955351,163262.058436],
[1896.559785,611760.466656,-1056670.507455,236911.312097],
[1897.986674,601532.999338,-1082125.230258,310017.581950],
[1899.435769,590200.746113,-1104125.030280,383169.718255],
[1900.925201,577777.248547,-1122900.908475,457035.656223],
[1902.383951,565046.615753,-1137724.193275,527934.806795],
[1903.810725,552231.507338,-1148999.674033,595780.792993],
[1905.486113,536937.128197,-1158416.129534,673430.765038],
[1907.265350,520650.116889,-1164195.073408,753377.802044],
[1909.385126,501529.285176,-1165850.546327,845086.116161],
[1911.543872,482747.471161,-1162214.011676,934378.672051],
[1914.013958,462567.013624,-1152154.149072,1031326.675668],
[1916.507577,444064.722708,-1136367.346669,1123433.160720],
[1919.161184,426894.885392,-1114207.244090,1215008.899771],
[1921.938476,412141.767389,-1086034.760087,1303702.156172],
[1924.779856,400838.427463,-1052938.703172,1386875.456645],
[1927.695723,393540.287862,-1015519.998029,1464315.106596],
[1930.636694,390818.761151,-975276.284899,1534379.050948],
[1933.600124,392916.426604,-933210.830029,1596915.631233],
[1936.496921,399686.637295,-891571.575776,1650347.881926],
[1939.523904,411669.012916,-848473.062999,1698198.268660],
[1942.531268,428360.915892,-806991.013348,1737821.118871],
[1945.390586,448402.446585,-769577.045709,1768330.562352],
[1948.606429,475397.577787,-730721.488896,1794490.404282],
[1951.822272,506567.477234,-696123.399533,1812221.356445],
[1954.776541,538314.437982,-668756.582063,1821258.608116],
[1957.769536,572902.736158,-645888.207732,1823494.645336],
[1959.844587,597967.328236,-633139.529993,1821035.681851],
[1960.172989,601996.876357,-631365.192514,1820349.399134],
[1960.210112,602453.311235,-631168.871812,1820266.741135],
[1960.210112,602453.311235,-631168.871812,1820266.741135],
[1960.247235,602909.929884,-630973.417112,1820183.052262],
[1960.575637,606957.110257,-629282.170718,1819397.856592],
[1962.650688,632796.509951,-620188.830017,1812582.752780],
[1965.643684,670488.162686,-612043.133224,1797178.217255],
[1968.597953,707488.380260,-609911.730929,1775616.094038],
[1971.813795,746613.125936,-614347.609388,1745078.341325],
[1975.029638,783531.982015,-625778.784730,1707274.174488],
[1977.888956,813661.605240,-641665.181915,1667624.177550],
[1980.896320,841777.475954,-663920.994387,1619837.914330],
[1983.923304,865542.057480,-691681.108935,1565474.881441],
[1986.820101,883255.796576,-722814.725723,1507581.962924],
[1989.783530,895540.473525,-758708.967357,1442425.100680],
[1992.724501,901189.093852,-797696.715471,1371827.876673],
[1995.640368,899695.751219,-838887.692901,1295989.924254],
[1998.481748,890863.570405,-880623.551919,1216485.062500],
[2001.259041,874690.003943,-922066.138890,1133426.259175],
[2003.912647,851861.176260,-961388.973670,1049137.773995],
[2006.406266,823523.749024,-997273.885319,965564.896687],
[2008.876353,788620.762692,-1030969.096646,878652.403995],
[2011.035098,752380.303126,-1058214.732913,799384.214572],
[2013.154875,711468.039679,-1082318.418088,718613.175614],
[2014.934111,672991.415322,-1100037.598793,648643.384498],
[2016.609499,633276.263773,-1114224.777153,581015.457325],
[2018.036274,596779.280748,-1124108.258061,522153.514199],
[2019.495023,556921.609494,-1131849.700839,460835.291447],
[2020.984455,513586.904558,-1136998.698571,397127.796942],
[2022.433550,468894.729601,-1139038.007291,334182.607071],
[2023.860440,422491.009716,-1137882.742985,271393.827519],
[2025.280959,373993.002176,-1133308.642213,208229.352547],
[2026.674652,324258.650100,-1125195.751807,145782.751522],
[2027.962953,276477.997783,-1114234.865435,87802.539512],
[2029.208040,228748.923159,-1100243.370183,31700.128997],
[2030.445797,179903.981178,-1082800.047961,-23957.003748],
[2031.719920,128313.354206,-1060936.021843,-80915.477069],
[2032.909434,79103.939765,-1036748.719405,-133566.968223],
[2034.137969,27406.157424,-1007757.559508,-187165.917577],
[2035.399323,-26370.473404,-973583.057721,-241083.028993],
[2036.401912,-69442.940726,-943138.816393,-282918.537993],
[2037.371681,-111228.762848,-910873.973687,-322344.828184],
[2038.307751,-151537.675170,-877078.392679,-359273.451503],
[2039.216486,-190510.211784,-841774.947643,-393916.343836],
[2040.088582,-227636.242614,-805599.939085,-425910.412427],
[2040.872702,-260682.571714,-771183.326854,-453524.850686],
[2041.629734,-292196.802743,-736293.747329,-479063.125516],
[2042.376285,-322816.583328,-700333.310879,-503091.462048],
[2043.086724,-351459.628949,-664729.596276,-524826.027385],
[2043.787331,-379166.198008,-628353.463407,-545122.445005],
[2044.330396,-400233.439164,-599331.924255,-560045.451158],
[2044.855315,-420228.260342,-570627.725697,-573775.765628],
[2045.436639,-441919.292704,-538128.671930,-588163.885492],
[2045.436639,-441919.292704,-538128.671930,-588163.885492],
[2046.017962,-463104.889042,-504926.304845,-601672.427294],
[2046.542882,-481776.453305,-474380.591746,-613099.479557],
[2047.085946,-500613.709668,-442255.014978,-624139.388401],
[2047.786554,-524163.017184,-400089.900085,-637191.391368],
[2048.496993,-547141.003872,-356592.825487,-649042.826535],
[2049.243544,-570271.848378,-310189.220100,-659986.059550],
[2050.000575,-592633.365630,-262523.026963,-669500.762703],
[2050.784696,-614607.281270,-212630.112894,-677683.941907],
[2051.656792,-637605.030649,-156675.261750,-684807.985104],
[2052.565526,-659941.186809,-98033.162373,-690054.139821],
[2053.501596,-681213.004970,-37466.345673,-693191.558434],
[2054.471365,-701409.015062,25245.832131,-694092.277506],
[2055.473954,-720352.517389,89830.921347,-692605.988481],
[2056.735308,-741468.231942,170416.689936,-687415.805554],
[2057.963843,-759238.517860,247873.982886,-679014.607412],
[2059.153357,-773946.967785,321630.353583,-667949.758928],
[2060.427481,-787135.116493,399029.206388,-653138.059808],
[2061.665237,-797571.542981,472424.885658,-636050.943631],
[2062.910324,-805880.708232,544302.827754,-616408.484972],
[2064.198626,-812350.834927,616472.387301,-593725.255797],
[2065.592318,-817130.063920,691892.643984,-566746.623532],
[2067.012838,-819862.006325,765820.062658,-536913.700601],
[2068.439728,-820669.784958,837008.698206,-504841.962959],
[2069.888822,-819739.464631,906105.891730,-470369.386013],
[2071.378254,-817182.772865,973740.525256,-433193.138750],
[2072.837004,-813328.162560,1036650.770498,-395299.453807],
[2074.263778,-808463.875120,1095006.183744,-357018.573909],
[2075.939167,-801615.366489,1159556.116920,-310774.548538],
[2077.718403,-793286.444463,1223471.720680,-260419.645007],
[2079.838179,-782352.186885,1293511.796836,-199153.084654],
[2081.996925,-770540.489956,1358190.516432,-135778.890327],
[2084.467011,-756753.513461,1424242.559228,-62605.028678],
[2086.960631,-743118.639032,1482656.728398,11401.981310],
[2089.614237,-729524.291602,1536129.893831,89682.270904],
[2092.391529,-716909.019077,1583024.984296,170425.954659],
[2095.232909,-706277.362424,1622003.440888,251101.602700],
[2098.148776,-698270.243882,1653213.122089,331177.588943],
[2101.089747,-693599.770384,1676388.546653,408488.686631],
[2104.053177,-692682.895990,1692053.570021,482234.825186],
[2106.949974,-695678.236422,1700633.648095,549703.920760],
[2109.976957,-703039.016491,1703257.619808,614739.698060],
[2112.984321,-714647.215930,1700218.125953,673266.286120],
[2115.843639,-729569.844436,1692802.290885,722810.353548],
[2119.059482,-750664.805425,1679985.935065,770909.962467],
[2122.275325,-775973.170094,1663250.469347,810437.015836],
[2125.229594,-802523.439569,1645106.230725,838798.149966],
[2128.222589,-832161.196378,1624619.255655,859442.761886],
[2130.297641,-854038.504026,1609454.656914,868835.706927],
[2130.626042,-857584.671204,1606995.689750,869946.874947],
[2130.663165,-857986.844855,1606716.806993,870065.987168],
[2130.663165,-857986.844855,1606716.806993,870065.987168],
[2130.700288,-858389.280227,1606437.740883,870183.778663],
[2131.028690,-861960.558456,1603961.179738,871168.223822],
[2133.103741,-884941.312181,1588019.360542,874982.987314],
[2136.096737,-918998.726647,1564337.493766,873092.356985],
[2139.051006,-953030.447650,1540471.697685,862568.580245],
[2142.266849,-989667.745693,1514251.502475,841280.394834],
[2145.482691,-1024895.628247,1488011.290604,809764.108477],
[2148.342010,-1054185.263330,1464768.530379,773237.605189],
[2151.349373,-1082062.962575,1440426.884036,726336.981898],
[2154.376357,-1106203.429112,1415958.657078,670576.221638],
[2157.273154,-1124784.049312,1392416.923771,609459.808071],
[2160.236583,-1138375.057422,1367963.136733,539445.356949],
[2163.177555,-1145624.969971,1342999.023421,462893.732104],
[2166.093421,-1145884.781562,1317161.642335,380536.680447],
[2168.934802,-1138772.438314,1290487.602377,294636.607373],
[2171.712094,-1124134.227132,1262491.194297,205868.589569],
[2174.365700,-1102480.600745,1233460.418300,117210.121548],
[2176.859320,-1074838.968584,1203669.070210,31049.932143],
[2179.329406,-1040084.830337,1171277.425489,-56416.051723],
[2181.488151,-1003409.317524,1140221.724021,-134066.496834],
[2183.607928,-961440.685306,1106866.679500,-210909.431373],
[2185.387164,-921510.316761,1076416.045373,-275473.478686],
[2187.062552,-879882.845061,1045481.343398,-335990.448531],
[2188.489327,-841291.899474,1017259.569425,-387065.997535],
[2189.948077,-798804.183996,986484.991894,-438604.407932],
[2191.437509,-752225.144295,952923.088034,-490247.852392],
[2192.886603,-703785.127440,918061.309400,-539256.702281],
[2194.313493,-653072.318121,881478.867127,-586022.144455],
[2195.734013,-599626.181957,842718.748563,-630787.016501],
[2197.127705,-544351.818335,802313.887409,-672633.099568],
[2198.416006,-490806.354909,762788.295393,-709176.877052],
[2199.661094,-436883.947075,722540.444831,-742249.394765],
[2200.898850,-381245.648357,680489.596035,-772645.448853],
[2202.172974,-321969.913575,635049.763980,-801026.869563],
[2203.362488,-264928.714441,590648.656286,-824555.890504],
[2204.591023,-204457.203223,542802.142760,-845529.752745],
[2205.852377,-140934.461722,491623.144402,-863205.977971],
[2206.854966,-89577.563034,449514.832451,-874235.851330],
[2207.824735,-39326.543759,407644.029601,-882184.328793],
[2208.760805,9569.829953,366233.211714,-887180.500151],
[2209.669539,57261.864940,325173.917742,-889399.961356],
[2210.541635,103099.303470,285057.042976,-889000.683967],
[2211.325756,144253.804094,248464.732511,-886464.908333],
[2212.082787,183831.497201,212736.941192,-882019.221223],
[2212.829338,222616.526617,177188.589095,-875685.102051],
[2213.539777,259213.364930,143135.384285,-867843.510764],
[2214.240385,294925.151914,109404.231047,-858372.547168],
[2214.783449,322298.590579,83197.992881,-849845.974933],
[2215.308369,348465.398784,57849.789069,-840625.772327],
[2215.889692,377071.039698,29792.784948,-829301.938982],
[2215.889692,377071.039698,29792.784948,-829301.938982],
[2216.471016,405245.413433,1789.545763,-816822.730929],
[2216.995935,430283.142486,-23417.693827,-804577.216634],
[2217.538999,455753.829453,-49385.703210,-790950.731710],
[2218.239607,487918.401011,-82670.474468,-771966.898625],
[2218.950046,519681.484163,-116110.627193,-751150.976338],
[2219.696597,552076.521197,-150840.028077,-727645.334480],
[2220.453628,583844.590790,-185553.585540,-702181.798185],
[2221.237749,615551.469362,-220899.027655,-674172.981041],
[2222.109845,649333.842941,-259392.665167,-641194.428301],
[2223.018579,682830.758191,-298493.130435,-604939.330518],
[2223.954650,715483.584704,-337597.755072,-565756.500334],
[2224.924418,747312.930603,-376766.826385,-523398.691661],
[2225.927007,778081.604094,-415743.022538,-477940.535631],
[2227.188361,813736.167263,-462484.108641,-418687.683430],
[2228.416896,845258.780884,-505465.557260,-359148.491900],
[2229.606410,872861.766356,-544635.642929,-300135.347844],
[2230.880534,899370.290821,-583892.626733,-235791.867477],
[2232.118290,922236.227915,-619350.855509,-172485.649726],
[2233.363378,942523.294509,-652371.763641,-108303.397315],
[2234.651679,960820.233816,-683777.864789,-41642.197407],
[2236.045371,977736.292472,-714648.304674,30467.203142],
[2237.465891,992132.181117,-742870.212110,103672.478650],
[2238.892781,1003939.902420,-768015.759507,176647.473386],
[2240.341876,1013452.173842,-790371.637492,249950.799519],
[2241.831307,1020874.025899,-810126.083572,324232.235003],
[2243.290057,1026063.900512,-826424.711593,395757.812677],
[2244.716832,1029363.023549,-839561.987167,464394.312374],
[2246.392220,1031259.693623,-851599.693579,543157.261107],
[2248.171456,1031252.869263,-860566.513184,624457.862307],
[2250.291233,1028983.058148,-866407.048020,717943.143418],
[2252.449978,1024657.698384,-867291.413175,809155.262244],
[2254.920064,1017866.750892,-862508.484079,908343.838847],
[2257.413684,1009695.193437,-851940.398467,1002666.178210],
[2260.067290,1000270.465170,-834983.501072,1096451.185383],
[2262.844582,990344.377780,-811639.483589,1187194.596790],
[2265.685963,980849.051826,-782612.668780,1272095.687450],
[2268.601829,972482.898567,-748258.669816,1350836.604106],
[2271.542801,966067.597326,-709802.569669,1421659.564533],
[2274.506230,962176.254295,-668088.046360,1484345.149495],
[2277.403027,961265.815672,-625302.332458,1537290.616243],
[2280.430011,963683.303615,-579386.498052,1583944.775142],
[2283.437375,969700.473138,-533461.436791,1621681.133554],
[2286.296693,978852.018792,-490335.867447,1649765.445002],
[2289.512535,993124.872419,-443406.262883,1672497.066119],
[2292.728378,1011465.621971,-399121.455215,1686115.061519],
[2295.682647,1031658.843448,-361592.583225,1690837.529840],
[2298.675643,1055050.766171,-327380.425714,1688257.024628],
[2300.750694,1072784.660452,-306258.258842,1682242.698256],
[2301.079096,1075692.464501,-303126.634040,1680980.114680],
[2301.116219,1076022.800269,-302776.382299,1680832.097941],
[2301.116219,1076022.800269,-302776.382299,1680832.097941],
[2301.153342,1076353.464271,-302426.896385,1680683.007794],
[2301.481743,1079292.760710,-299368.751471,1679317.430375],
[2303.556795,1098410.514363,-281479.580191,1668767.638536],
[2306.549790,1127345.240511,-260298.486425,1647828.305525],
[2309.504059,1156921.137791,-245141.521267,1620735.560359],
[2312.719902,1189469.786559,-235554.558250,1584243.743652],
[2315.935745,1221467.091228,-233502.342650,1540714.562190],
[2318.795063,1248636.659819,-238178.199441,1496304.597380],
[2321.802427,1275057.816709,-249763.886710,1443987.825246],
[2324.829410,1298519.129890,-268284.293272,1385701.635077],
[2327.726207,1317154.581145,-292306.220454,1324789.110648],
[2330.689637,1331457.937077,-322998.535027,1257423.522971],
[2333.630608,1339992.290659,-359211.395801,1185648.088626],
[2336.546475,1341993.901631,-400302.930944,1109767.913256],
[2339.387855,1336912.234798,-444761.022965,1031418.904939],
[2342.165147,1324449.129350,-491806.351562,950739.011925],
[2344.818754,1304917.057397,-539417.061988,869969.538356],
[2347.312373,1279179.274111,-585881.744709,790888.805819],
[2349.782459,1246092.883703,-632879.022439,709624.337798],
[2351.941205,1210585.189440,-674162.126796,636316.422794],
[2354.060981,1169394.391471,-714329.209326,562365.862836],
[2355.840217,1129755.401219,-747331.646657,498885.304886],
[2357.515606,1088034.902255,-777451.643971,438022.413446],
[2358.942380,1049036.578246,-802105.720454,385432.028865],
[2360.401130,1005775.707648,-826109.238512,331018.643272],
[2361.890562,957988.030121,-849086.256452,274880.882290],
[2363.339656,907917.200693,-869665.870098,219807.860281],
[2364.766546,855111.661733,-887920.816798,165260.608572],
[2366.187066,799053.214416,-903803.101595,110781.864590],
[2367.580758,740654.557845,-916846.346607,57318.106619],
[2368.869060,683684.441803,-926379.863083,8039.767642],
[2370.114147,625925.333283,-933027.045284,-39299.511199],
[2371.351904,565925.301893,-936879.153799,-85914.656440],
[2372.626027,501555.054384,-937702.778697,-133240.008952],
[2373.815541,439175.007176,-935347.863901,-176621.522021],
[2375.044076,372572.622544,-929502.035699,-220393.020476],
[2376.305430,302079.977234,-919640.716972,-263986.814175],
[2377.308019,244683.156330,-908853.210377,-297476.121964],
[2378.277788,188163.117544,-895821.829606,-328735.931532],
[2379.213858,132816.256464,-880741.223061,-357718.222734],
[2380.122592,78489.062534,-863691.794615,-384610.504528],
[2380.994688,25943.502191,-845060.960121,-409155.359970],
[2381.778809,-21520.547851,-826396.138254,-430081.626791],
[2382.535840,-67431.993950,-806654.829645,-449187.983055],
[2383.282391,-112687.205795,-785539.273908,-466913.219754],
[2383.992831,-155638.403412,-763942.914913,-482700.296360],
[2384.693438,-197794.655341,-741235.386291,-497193.058241],
[2385.236502,-230277.958886,-722690.967766,-507667.504749],
[2385.761422,-261473.156239,-704002.054805,-517145.353593],
[2386.342745,-295743.220735,-682451.744239,-526884.664028],
[2386.342745,-295743.220735,-682451.744239,-526884.664028],
[2386.924069,-329675.035060,-660033.053835,-535814.483240],
[2387.448988,-359984.676455,-639070.473886,-543172.560742],
[2387.992053,-390975.619528,-616693.743912,-550073.133219],
[2388.692660,-430349.730150,-586839.544731,-557897.951660],
[2389.403099,-469509.731497,-555499.717081,-564587.449680],
[2390.149650,-509753.163787,-521495.237535,-570266.044365],
[2390.906682,-549539.389522,-485988.199895,-574618.000006],
[2391.690802,-589593.509127,-448231.020599,-577648.376079],
[2392.562899,-632684.077282,-405206.295166,-579282.319708],
[2393.471633,-675877.797706,-359385.062980,-579084.765755],
[2394.407703,-718484.568835,-311316.040452,-576915.651708],
[2395.377472,-760556.176311,-260786.471509,-572643.665027],
[2396.380061,-801805.302516,-207978.021232,-566157.044079],
[2397.641415,-850440.462238,-141038.954609,-555172.505069],
[2398.869950,-894337.734806,-75646.869448,-541648.449380],
[2400.059464,-933628.891050,-12455.477889,-526097.736744],
[2401.333587,-972299.258980,54797.298207,-506978.038414],
[2402.571344,-1006595.370533,119441.092702,-486174.893490],
[2403.816431,-1037973.709641,183554.206767,-463235.507952],
[2405.104732,-1067297.809541,248720.654918,-437578.774905],
[2406.498425,-1095611.396040,317666.329096,-407851.050837],
[2407.918944,-1121042.070985,386083.754533,-375678.598332],
[2409.345834,-1143333.688642,452753.011939,-341687.943849],
[2410.794929,-1162872.826156,518209.405476,-305669.492184],
[2412.284361,-1179948.856370,583003.342217,-267287.092054],
[2413.743110,-1193956.396886,643927.174896,-228549.981224],
[2415.169885,-1205274.745070,701019.856395,-189732.948533],
[2416.845273,-1215833.701506,764843.843466,-143180.688231],
[2418.624509,-1224149.273061,828762.059235,-92826.893753],
[2420.744286,-1230643.108562,899670.900370,-31929.208873],
[2422.903032,-1233993.122091,966005.141458,30742.055101],
[2425.373118,-1234494.996139,1034656.403770,102812.294538],
[2427.866737,-1232143.886548,1096198.217743,175491.314236],
[2430.520343,-1227300.677096,1153278.676224,252239.956077],
[2433.297636,-1220497.585962,1203972.953784,331370.514338],
[2436.139016,-1212553.575769,1246585.724530,410503.041529],
[2439.054883,-1204194.023357,1280997.531625,489219.412995],
[2441.995854,-1196314.269598,1306628.397970,565487.936143],
[2444.959283,-1189618.525735,1323782.823923,638601.678025],
[2447.856080,-1184842.098001,1332711.370279,705922.814822],
[2450.883064,-1182210.639586,1334410.054047,771351.467108],
[2453.890428,-1182373.803962,1329067.502413,830855.927835],
[2456.749746,-1185354.306318,1318148.934314,881887.247091],
[2459.965589,-1192181.269762,1299869.676631,932306.390703],
[2463.181431,-1202752.837497,1276114.331247,974814.067709],
[2466.135700,-1215706.483572,1250241.183600,1006456.877597],
[2469.128696,-1231830.248326,1220801.003960,1030902.998153],
[2471.203747,-1244645.684612,1198848.798010,1043177.944517],
[2471.532149,-1246788.042451,1195276.875546,1044761.670620],
[2471.569272,-1247032.103296,1194871.557531,1044934.466940],
[2471.569272,-1247032.103296,1194871.557531,1044934.466940],
[2471.606395,-1247276.544542,1194465.930536,1045105.995876],
[2471.934797,-1249455.399770,1190864.360448,1046568.117064],
[2474.009848,-1263874.628338,1167605.265055,1053489.778029],
[2477.002843,-1286422.098807,1132848.698466,1056301.437997],
[2479.957112,-1310249.583185,1097662.795789,1050584.150669],
[2483.172955,-1337287.071935,1058984.680204,1034585.567603],
[2486.388798,-1364655.384005,1020497.573634,1008269.282607],
[2489.248116,-1388517.463438,986855.723584,976158.207277],
[2492.255480,-1412327.363987,952401.440274,933551.384765],
[2495.282464,-1434084.167272,918953.449711,881603.410041],
[2498.179260,-1451960.003195,888279.040338,823515.513185],
[2501.142690,-1466350.591060,858350.676751,755825.553798],
[2504.083661,-1475796.399081,830120.059255,680660.878593],
[2506.999528,-1479452.330741,803516.566178,598629.116204],
[2509.840908,-1476623.430208,778787.522500,511903.202494],
[2512.618201,-1466880.119818,755561.339337,421109.758924],
[2515.271807,-1450323.234737,734006.418909,329277.061020],
[2517.765426,-1427614.148024,714066.148116,238934.128429],
[2520.235512,-1397641.517739,694338.243149,146091.151816],
[2522.394258,-1364853.475308,676873.029913,62670.218835],
[2524.514034,-1326240.720041,659283.668474,-20866.785957],
[2526.293271,-1288625.496105,644004.766611,-91872.713465],
[2527.968659,-1248635.328463,629038.489555,-159169.837249],
[2529.395434,-1210934.014291,615743.234314,-216583.149386],
[2530.854183,-1168790.667778,601526.655401,-275152.045264],
[2532.343615,-1121882.871815,586255.375095,-334561.643489],
[2533.792710,-1072369.532417,570558.091141,-391707.690675],
[2535.219599,-1019779.084551,554186.847335,-447054.757998],
[2536.640119,-963558.312381,536882.970414,-500929.897462],
[2538.033811,-904587.625986,518830.060613,-552266.564088],
[2539.322113,-846682.687324,501109.649349,-598068.767678],
[2540.567200,-787611.190350,482968.964594,-640527.933608],
[2541.804957,-725871.676130,463882.989673,-680674.816649],
[2543.079080,-659220.162281,443080.721652,-719517.286439],
[2544.268594,-594227.533389,422555.433408,-753183.921583],
[2545.497129,-524405.075366,400200.829260,-784981.585836],
[2546.758483,-450023.346770,376002.728599,-814113.833850],
[2547.761072,-389095.082416,355862.917703,-834471.478714],
[2548.730841,-328776.183873,335625.029572,-851605.238549],
[2549.666911,-269397.722455,315398.095337,-865596.034793],
[2550.575645,-210809.692938,295132.409764,-876644.410971],
[2551.447741,-153852.469368,275127.227242,-884784.508634],
[2552.231862,-102153.245452,256701.672654,-889962.292855],
[2552.988894,-51914.566686,238546.381627,-892977.846140],
[2553.735445,-2167.012579,220319.357672,-893998.320286],
[2554.445884,45261.399136,202705.624861,-893136.888368],
[2555.146491,92019.713225,185109.679994,-890516.894554],
[2555.689556,128193.226765,171336.351472,-887269.305168],
[2556.214475,163053.453955,157928.037625,-883118.750470],
[2556.795799,201490.198298,142987.821792,-877364.273163]]