[[0.000000,201478.946415,142992.219475,-877366.140409],
[0.581324,235093.799516,130162.328246,-871329.498571],
[1.106243,265471.092958,119096.154456,-865088.246028],
[1.649307,296883.407876,108179.538611,-857852.545773],
[2.349915,337324.025885,94915.722780,-847369.561111],
[3.060354,378158.521745,82431.871637,-835451.632922],
[3.806905,420791.946840,70385.426570,-821577.118303],
[4.563936,463644.285367,59312.431397,-806151.306600],
[5.348057,507534.455379,49073.688008,-788802.731972],
[6.220153,555649.050984,39171.843241,-767964.184095],
[7.128887,604884.931445,30527.694412,-744640.763349],
[8.064957,654525.455696,23410.017958,-719039.512675],
[9.034726,704689.906575,17938.120179,-690989.440989],
[10.037315,755097.335745,14293.981569,-660533.189673],
[11.298669,816280.275089,12563.952816,-620391.921694],
[12.527204,873359.310318,13858.979004,-579652.412446],
[13.716718,926179.085523,17823.416249,-538954.080708],
[14.990842,980026.496272,24914.877585,-494290.036129],
[16.228598,1029600.718715,34500.746258,-450109.431346],
[17.473686,1076736.230811,46696.738487,-405126.163593],
[18.761987,1122628.659823,61872.587801,-358243.545258],
[20.155679,1169001.404133,81050.448724,-307384.530112],
[21.576199,1212805.172427,103363.726133,-255636.369772],
[23.003089,1253339.496558,128396.002280,-203966.755474],
[24.452183,1291010.946255,156308.996224,-152007.468699],
[25.941615,1326132.089645,187413.207934,-99320.494199],
[27.400365,1357064.843510,220055.965778,-48575.308566],
[28.827140,1384071.247061,253892.519527,116.218757],
[30.502528,1411772.347702,295811.936123,55969.105797],
[32.281764,1436558.108928,342645.417684,113577.036391],
[34.401541,1460025.468009,401160.702863,179736.994641],
[36.560286,1477345.833956,463333.305716,244175.279973],
[39.030372,1489283.089741,537074.525282,314084.336081],
[41.523992,1493094.007973,613695.592748,380360.741841],
[44.177598,1488394.397255,696924.432513,446006.845314],
[46.954890,1474192.902415,785132.450396,509209.161718],
[49.796271,1450266.090456,875740.303667,567963.094938],
[52.712137,1416302.225376,968289.415441,621994.509857],
[55.653109,1372898.101863,1060385.005447,670042.274843],
[58.616538,1320410.875145,1151132.833172,711908.439375],
[61.513335,1261157.722080,1237138.763584,746502.708514],
[64.540319,1191454.537803,1323443.749010,776007.733249],
[67.547682,1114965.806395,1404901.422535,798657.031905],
[70.407001,1036170.483802,1477802.636423,814098.677928],
[73.622843,941244.464312,1553856.568145,824464.181380],
[76.838686,840505.334887,1622986.256572,827533.101529],
[79.792955,743633.474650,1679873.342334,824036.119904],
[82.785951,642051.300510,1730599.001953,814444.022321],
[84.861002,570008.451640,1761481.393008,804285.528771],
[85.189404,558506.980433,1766037.799170,802417.986535],
[85.226527,557205.292203,1766547.100076,802202.437912],
[85.226527,557205.292203,1766547.100076,802202.437912],
[85.263650,555903.295304,1767055.228599,801985.988502],
[85.592051,544372.206986,1771499.144189,800032.016264],
[87.667103,471025.824689,1797429.798953,786067.830320],
[90.660098,364181.005805,1828150.146085,761078.153796],
[93.614367,258241.630968,1850514.624542,730925.116215],
[96.830210,143355.284845,1865643.859027,692080.064676],
[100.046053,29973.054919,1870989.533198,647152.488807],
[102.905371,-68690.035248,1867432.883923,602267.311238],
[105.912735,-169390.439973,1855214.551093,550219.158854],
[108.939718,-266659.918852,1834156.664687,493010.376385],
[111.836515,-355041.968568,1805841.427531,433920.780809],
[114.799945,-439819.905284,1768732.043012,369279.865244],
[117.740916,-517443.238816,1723929.766326,301151.475765],
[120.656783,-587127.394512,1671882.689724,229922.996348],
[123.498163,-647226.635824,1614109.290381,157227.634764],
[126.275455,-697730.904629,1551186.030423,83289.472346],
[128.929061,-737651.006493,1485393.019674,10240.158765],
[131.422681,-767106.978211,1418793.145563,-60291.221041],
[133.892767,-787990.109194,1348547.662333,-131684.558198],
[136.051513,-799011.774653,1283913.746783,-195077.776213],
[138.171289,-802857.898835,1217731.166670,-257982.219896],
[139.950525,-800457.249227,1160274.183003,-311079.437630],
[141.625914,-793271.056386,1104722.027674,-361143.897341],
[143.052688,-783228.536471,1056408.045498,-403688.344169],
[144.511438,-769090.882462,1006153.342631,-446955.541271],
[146.000870,-750479.248909,954052.233881,-490727.284941],
[147.449964,-728187.613104,902707.755386,-532737.621017],
[148.876854,-702081.323613,851634.649351,-573350.363005],
[150.297374,-671881.539766,800403.362245,-612820.007567],
[151.691066,-638071.132636,749892.719516,-650375.200638],
[152.979368,-603062.283622,703103.469554,-683834.846827],
[154.224455,-565750.805581,657908.535928,-714806.845241],
[155.462211,-525242.712042,613121.636849,-744041.179109],
[156.736335,-479978.813431,567300.929108,-772260.880940],
[157.925849,-434473.037713,524914.292465,-796645.241333],
[159.154384,-384229.593971,481681.380881,-819578.027610],
[160.415738,-329300.669079,438038.938722,-840454.256058],
[161.418327,-283311.879943,404014.793901,-854916.646893],
[162.388096,-236958.071534,371770.718887,-866952.609313],
[163.324166,-190566.882165,341362.547644,-876620.477370],
[164.232900,-144086.385837,312604.071419,-884062.835529],
[165.104996,-98250.547623,285793.360119,-889313.322414],
[165.889117,-56107.116374,262413.169760,-892387.380476],
[166.646148,-14672.732025,240549.850394,-893828.514050],
[167.392699,26818.035676,219723.492011,-893745.317192],
[168.103138,66798.809308,200627.551646,-892254.543593],
[168.803746,106619.028603,182528.228745,-889420.816704],
[169.346810,137700.973620,169024.265264,-886287.599052],
[169.871730,167883.436061,156425.796507,-882480.902586],
[170.453053,201425.058210,143013.277107,-877375.081428],
[170.453053,201425.058210,143013.277107,-877375.081428],
[171.034377,235041.520119,130186.899699,-871339.931550],
[171.559296,265420.247110,119123.901300,-865100.027269],
[172.102361,296834.024070,108210.569039,-857865.721216],
[172.802968,337276.493543,94950.980532,-847384.531465],
[173.513407,378112.823019,82471.397885,-835468.415670],
[174.259958,420748.122834,70429.409360,-821595.793287],
[175.016990,463602.303179,59360.893607,-806171.883535],
[175.801110,507494.313136,49126.738122,-788825.256920],
[176.673207,555610.868339,39229.922840,-767988.844550],
[177.581941,604848.687207,30590.920707,-744667.609078],
[178.518011,654491.091401,23478.433239,-719068.561635],
[179.487780,704657.358874,18011.779210,-691020.716432],
[180.490369,755066.520376,14372.909733,-660566.702378],
[181.751723,816251.421747,12649.276499,-620428.149920],
[182.980258,873332.129377,13950.269201,-579691.174039],
[184.169772,926153.296150,17920.227737,-538995.186628],
[185.443895,980001.947606,25017.317761,-494333.531976],
[186.681652,1029577.128590,34608.368439,-450155.127459],
[187.926739,1076713.362026,46809.287758,-405173.951736],
[189.215040,1122606.285209,61989.934200,-358293.370251],
[190.608733,1168979.281843,81172.642435,-307436.413261],
[192.029252,1212783.014187,103490.498622,-255690.197059],
[193.456142,1253317.014702,128527.011772,-204022.381782],
[194.905237,1290987.852538,156443.943466,-152064.766967],
[196.394669,1326108.082795,187551.826317,-99379.351223],
[197.853418,1357039.676553,220197.817469,-48635.538445],
[199.280193,1384044.704096,254037.194098,54.790290],
[200.955581,1411743.901660,295959.506191,55906.447909],
[202.734817,1436527.324061,342795.578462,113513.278494],
[204.854594,1459991.502798,401313.316493,179672.195269],
[207.013340,1477308.229736,463487.729648,244109.711951],
[209.483426,1489240.880085,537230.196762,314018.238353],
[211.977045,1493046.730683,613851.662323,380294.475083],
[214.630651,1488341.333720,697080.010521,445940.787274],
[217.407944,1474133.423752,785286.543594,509143.734125],
[220.249324,1450199.748434,875891.895477,567898.729429],
[223.165191,1416228.607561,968437.456644,621931.651926],
[226.106162,1372816.990133,1060528.509261,669981.343477],
[229.069591,1320322.136082,1151270.850135,711849.837712],
[231.966388,1261061.528667,1237270.586453,746446.736848],
[234.993372,1191350.632963,1323568.285457,775954.855380],
[238.000736,1114854.392564,1405017.963284,798607.548989],
[240.860054,1036052.135513,1477910.940392,814052.692329],
[244.075897,941118.626837,1553954.949170,824422.409039],
[247.291739,840372.408180,1623074.107046,827495.800434],
[250.246008,743494.446990,1679951.066541,824003.118397],
[253.239004,641906.545465,1730666.107555,814415.529447],
[255.314055,569860.018081,1761540.967824,804260.233451],
[255.642457,558357.987799,1766096.171710,802393.201698],
[255.679580,557056.236766,1766605.336561,802177.710843],
[255.679580,557056.236766,1766605.336561,802177.710843],
[255.716703,555754.177156,1767113.328969,801961.319228],
[256.045105,544222.537666,1771556.039201,800007.858781],
[258.120156,470872.825562,1797479.026946,786046.928235],
[261.113151,364023.687076,1828188.205445,761061.993886],
[264.067420,258080.636897,1850541.609941,730913.658281],
[267.283263,143190.986024,1865658.835264,692073.705803],
[270.499106,29806.204026,1870992.657541,647151.162218],
[273.358424,-68858.505866,1867425.694995,602270.363639],
[276.365788,-169559.942812,1855196.835975,550226.680649],
[279.392771,-266829.758991,1834128.782041,493022.215287],
[282.289568,-355211.470931,1805804.306394,433936.542352],
[285.252998,-439988.397033,1768686.060155,369299.389452],
[288.193969,-517610.070622,1723875.669645,301174.445083],
[291.109836,-587291.946776,1671821.309114,229949.058405],
[293.951216,-647388.375120,1614041.627797,157256.364130],
[296.728508,-697889.347863,1551113.088839,83320.443163],
[299.382115,-737805.814313,1485315.905449,10272.901275],
[301.875734,-767257.954590,1418712.952534,-60257.171278],
[304.345820,-788136.911369,1348465.286619,-131649.581672],
[306.504566,-799154.634174,1283830.219212,-195042.310612],
[308.624342,-802996.632212,1217647.237256,-257946.583673],
[310.403579,-800592.333291,1160190.504725,-311043.908039],
[312.078967,-793402.555675,1104639.100749,-361108.686772],
[313.505742,-783356.873824,1056326.168488,-403653.579392],
[314.964491,-769215.887161,1006072.943582,-446921.404032],
[316.453923,-750600.750351,953973.780475,-490693.973817],
[317.903018,-728305.612232,902631.632297,-532705.299341],
[319.329907,-702195.786760,851561.255318,-573319.200080],
[320.750427,-671992.399735,800333.125156,-612790.185072],
[322.144119,-638178.379791,749826.016797,-650346.878828],
[323.432421,-603166.125189,703040.426461,-683808.078885],
[324.677508,-565851.297821,657849.393150,-714781.733363],
[325.915265,-525339.820493,613066.728542,-744017.865177],
[327.189388,-480072.385053,567250.752377,-772239.576023],
[328.378902,-434563.261217,524868.872602,-796625.956171],
[329.607437,-384316.316531,481641.213106,-819560.972472],
[330.868791,-329383.756627,438004.512817,-840439.638903],
[331.871380,-283392.053150,403985.175325,-854904.070918],
[332.841149,-237035.408780,371745.945788,-866942.090717],
[333.777219,-190641.470255,341342.623927,-876612.017808],
[334.685953,-144158.298437,312589.006414,-884056.438965],
[335.558049,-98319.891046,285783.086435,-889308.960233],
[336.342170,-56174.152590,262407.301420,-892384.888793],
[337.099202,-14737.547114,240548.313277,-893827.861394],
[337.845753,26755.400988,219726.292008,-893746.506064],
[338.556192,66738.236602,200634.530911,-892257.506972],
[339.256799,106560.473317,182539.370495,-889425.547464],
[339.799864,137643.968755,169038.656069,-886293.709352],
[340.324783,167827.916872,156443.342337,-882488.352502],
[340.906106,201371.167408,143034.329108,-877384.020055],
[340.906106,201371.167408,143034.329108,-877384.020055],
[341.487430,234989.237689,130211.465687,-871350.362208],
[342.012349,265369.397836,119151.642830,-865111.806254],
[342.555414,296784.636436,108241.594304,-857878.894467],
[343.256021,337228.956848,94986.233317,-847399.499711],
[343.966460,378067.119415,82510.919358,-835485.196390],
[344.713011,420704.293402,70473.387568,-821614.466326],
[345.470043,463560.315011,59409.351428,-806192.458606],
[346.254164,507454.164348,49179.784039,-788847.780086],
[347.126260,555572.678527,39287.998448,-768013.503310],
[348.034994,604812.435176,30654.143201,-744694.453193],
[348.971064,654456.718672,23546.844916,-719097.609064],
[349.940833,704624.802090,18085.434823,-691051.990424],
[350.943422,755035.695268,14451.834682,-660600.213717],
[352.204776,816222.557883,12734.597151,-620464.376859],
[353.433311,873304.937173,14041.556559,-579729.934427],
[354.622825,926127.494838,18017.036511,-539036.291395],
[355.896948,979977.386302,25119.755376,-494377.026735],
[357.134705,1029553.525184,34715.988161,-450200.822528],
[358.379792,1076690.479361,46921.834618,-405221.738856],
[359.668094,1122583.896117,62107.278241,-358343.194242],
[361.061786,1168957.144474,81294.833841,-307488.295431],
[362.482306,1212760.840322,103617.268796,-255744.023363],
[363.909195,1253294.516691,128658.018919,-204078.007094],
[365.358290,1290964.742173,156578.888269,-152122.064198],
[366.847722,1326084.058848,187690.442164,-99438.207171],
[368.306471,1357014.492096,220339.666535,-48695.767210],
[369.733246,1384018.143274,254181.865908,-6.637005],
[371.408634,1411715.437418,296107.073255,55843.791296],
[373.187871,1436496.520666,342945.736021,113449.521964],
[375.307647,1459957.518759,401465.926579,179607.397402],
[377.466393,1477270.606459,463642.149648,244044.145599],
[379.936479,1489198.651230,537385.863834,313952.142498],
[382.430098,1492999.434153,614007.726929,380228.210436],
[385.083704,1488288.250980,697235.582994,445874.731585],
[387.860997,1474073.926074,785440.630589,509078.309166],
[390.702377,1450133.387731,876043.480323,567834.366876],
[393.618244,1416154.971473,968585.490152,621868.797263],
[396.559215,1372735.860694,1060672.004592,669920.415713],
[399.522645,1320233.380010,1151408.857798,711791.239997],
[402.419441,1260965.318992,1237402.399282,746390.769445],
[405.446425,1191246.712740,1323692.811048,775901.982120],
[408.453789,1114742.964362,1405134.492390,798558.071018],
[411.313107,1035933.773870,1478019.231994,814006.711982],
[414.528950,940992.777208,1554053.317043,824380.642282],
[417.744793,840239.470637,1623161.943622,827458.505240],
[420.699062,743355.409768,1680028.776203,823970.123066],
[423.692057,641761.782166,1730733.198006,814387.043007],
[425.767108,569711.577203,1761600.527115,804234.944722],
[426.095510,558208.987954,1766154.528681,802368.423472],
[426.132633,556907.174140,1766663.557455,802152.990395],
[426.132633,556907.174140,1766663.557455,802152.990395],
[426.169756,555605.051842,1767171.413764,801936.656567],
[426.498158,544072.861331,1771612.918571,799983.707941],
[428.573209,470719.820356,1797528.238945,786026.032941],
[431.566204,363866.363654,1828226.248357,761045.840959],
[434.520474,257919.639501,1850568.578511,730902.207492],
[437.736316,143026.685351,1865673.794333,692067.354219],
[440.952159,29639.352774,1870995.764444,647149.843035],
[443.811477,-69026.975569,1867418.488465,602273.423514],
[446.818841,-169729.443468,1855179.103134,550234.209970],
[449.845825,-266999.595691,1834100.881635,493034.061731],
[452.742621,-355380.968713,1805767.167535,433952.311421],
[455.706051,-440156.883111,1768640.059673,369318.921144],
[458.647022,-517776.895777,1723821.555514,301197.421810],
[461.562889,-587456.491472,1671759.911308,229975.127762],
[464.404269,-647550.106065,1613973.948305,157285.100676],
[467.181562,-698047.782098,1551040.130682,83351.421017],
[469.835168,-737960.612616,1485238.775051,10305.650652],
[472.328787,-767408.921050,1418632.743733,-60223.114818],
[474.798873,-788283.703358,1348382.895579,-131614.598639],
[476.957619,-799297.483408,1283746.676686,-195006.838661],
[479.077396,-803135.355234,1217563.293350,-257910.941297],
[480.856632,-800727.407030,1160106.812325,-311008.372452],
[482.532020,-793534.044731,1104556.160081,-361073.470369],
[483.958795,-783485.201094,1056244.278055,-403618.808916],
[485.417544,-769340.881939,1005992.531463,-446887.261244],
[486.906976,-750722.242111,953895.314366,-490660.657301],
[488.356071,-728423.601961,902555.496863,-532672.972423],
[489.782961,-702310.240873,851487.849320,-573288.032073],
[491.203480,-672103.251039,800262.876481,-612760.357657],
[492.597173,-638285.618713,749759.302866,-650318.552257],
[493.885474,-603269.958976,702977.372507,-683781.306331],
[495.130561,-565951.782762,657790.239864,-714756.617023],
[496.368318,-525436.922180,613011.810070,-743994.546929],
[497.642441,-480165.950484,567200.565866,-772218.266954],
[498.831955,-434653.479131,524823.443302,-796606.667002],
[500.060490,-384403.034134,481601.036266,-819543.913484],
[501.321844,-329466.839927,437970.078228,-840425.018061],
[502.324433,-283472.222703,403955.548367,-854891.491385],
[503.294202,-237112.742971,371721.164606,-866931.568688],
[504.230272,-190716.055886,341322.692413,-876603.554937],
[505.139006,-144230.209167,312573.933895,-884050.039211],
[506.011103,-98389.233190,285772.805504,-889304.594976],
[506.795223,-56241.188081,262401.426073,-892382.394135],
[507.552255,-14802.362011,240546.769383,-893827.205860],
[508.298806,26692.765944,219729.085457,-893747.692155],
[509.009245,66677.663035,200641.503845,-892260.467663],
[509.709852,106501.916667,182550.506123,-889430.275624],
[510.252917,137586.962116,169053.040915,-886299.817123],
[510.777836,167772.395510,156460.882367,-882495.799956],
[511.359160,201317.274017,143055.375471,-877392.956289],
[511.359160,201317.274017,143055.375471,-877392.956289],
[511.940483,234936.952229,130236.026211,-871360.790546],
[512.465403,265318.545141,119179.379045,-865123.582983],
[513.008467,296735.244975,108272.614408,-857892.065527],
[513.709074,337181.415805,95021.481132,-847414.465847],
[514.419514,378021.410935,82550.436053,-835501.975081],
[515.166065,420660.458551,70517.361187,-821633.137417],
[515.923096,463518.320872,59457.804852,-806213.031811],
[516.707217,507414.009022,49232.825751,-788870.301466],
[517.579313,555534.481551,39346.070064,-768038.160375],
[518.488047,604776.175339,30717.361915,-744721.295704],
[519.424117,654422.337497,23615.253008,-719126.654972],
[520.393886,704592.236215,18159.087045,-691083.262976],
[521.396475,755004.860423,14530.756408,-660633.723688],
[522.657829,816193.683488,12819.914799,-620500.602522],
[523.886364,873277.733707,14132.841075,-579768.693608],
[525.075878,926101.681577,18113.842603,-539077.395023],
[526.350001,979952.812359,25222.190423,-494420.520404],
[527.587758,1029529.908501,34823.605416,-450246.516550],
[528.832845,1076667.582807,47034.379103,-405269.524968],
[530.121147,1122561.492547,62224.619957,-358393.017246],
[531.514839,1168934.992031,81417.022933,-307540.176619],
[532.935359,1212738.650805,103744.036657,-255797.848685],
[534.362248,1253272.002507,128789.023719,-204133.631410],
[535.811343,1290941.615151,156713.830677,-152179.360412],
[537.300775,1326060.017796,187829.055520,-99497.062061],
[538.759525,1356989.290144,220481.512965,-48755.994855],
[540.186299,1383991.564610,254326.534940,-68.063120],
[541.861687,1411686.954967,296254.637364,55781.135939],
[543.640924,1436465.698757,343095.890333,113385.766812],
[545.760700,1459923.515898,401618.533110,179542.601045],
[547.919446,1477232.964139,463796.565693,243978.580926],
[550.389532,1489156.403170,537541.526490,313886.048517],
[552.883151,1492952.118367,614163.786611,380161.947878],
[555.536758,1488235.149057,697391.149918,445808.678252],
[558.314050,1474014.409379,785594.711366,509012.886847],
[561.155430,1450067.008299,876195.058254,567770.007260],
[564.071297,1416081.317124,968733.515962,621805.945868],
[567.012268,1372654.713568,1060815.491421,669859.491558],
[569.975698,1320144.606899,1151546.856205,711732.646213],
[572.872495,1260869.093048,1237534.202050,746334.806314],
[575.899478,1191142.777170,1323817.325778,775849.113472],
[578.906842,1114631.521797,1405251.009827,798508.598001],
[581.766160,1035815.398877,1478127.511202,813960.736896],
[584.982003,940866.915451,1554151.671764,824338.881110],
[588.197846,840106.522277,1623249.766288,827421.215952],
[591.152115,743216.362947,1680106.471346,823937.133900],
[594.145110,641617.010575,1730800.273339,814358.562985],
[596.220162,569563.128950,1761660.070897,804209.662579],
[596.548563,558059.980911,1766212.870077,802343.651858],
[596.585686,556758.104356,1766721.762761,802128.276565],
[596.585686,556758.104356,1766721.762761,802128.276565],
[596.622809,555455.919352,1767229.482963,801912.000528],
[596.951211,543923.177994,1771669.782281,799959.563750],
[599.026262,470566.809090,1797577.434955,786005.144437],
[602.019258,363709.035560,1828264.274816,761029.695018],
[604.973527,257758.638802,1850595.530249,730890.763850],
[608.189370,142862.382828,1865688.736217,692061.009931],
[611.405212,29472.501112,1870998.853899,647148.531260],
[614.264530,-69195.444409,1867411.264318,602276.490869],
[617.271894,-169898.941933,1855161.352577,550241.746813],
[620.298878,-267169.428944,1834072.963487,493045.915708],
[623.195675,-355550.461887,1805730.010963,433968.088010],
[626.159104,-440325.363484,1768594.041594,369338.460307],
[629.100076,-517943.714258,1723767.423946,301220.405940],
[632.015942,-587621.028558,1671698.496317,230001.204416],
[634.857322,-647711.828660,1613906.251904,157313.844401],
[637.634615,-698206.207328,1550967.155971,83382.405900],
[640.288221,-738115.401379,1485161.628480,10338.406897],
[642.781841,-767559.877640,1418552.519144,-60189.051656],
[645.251927,-788430.485206,1348300.489175,-131579.609083],
[647.410672,-799440.322334,1283663.119226,-194971.360369],
[649.530449,-803274.067880,1217479.334950,-257875.292767],
[651.309685,-800862.470438,1160023.105799,-310972.830867],
[652.985073,-793665.523553,1104473.205662,-361038.248127],
[654.411848,-783613.518259,1056162.374199,-403584.032740],
[655.870598,-769465.866776,1005912.106302,-446853.112919],
[657.360029,-750843.724173,953816.835572,-490627.335398],
[658.809124,-728541.582299,902479.349106,-532640.640272],
[660.236014,-702424.685927,851414.431352,-573256.858985],
[661.656533,-672214.093675,800192.616221,-612730.525323],
[663.050226,-638392.849388,749692.577731,-650290.220929],
[664.338527,-603373.784986,702914.307708,-683754.529173],
[665.583615,-566052.260408,657731.076083,-714731.496227],
[666.821371,-525534.017092,612956.881453,-743971.224373],
[668.095495,-480259.509706,567150.369582,-772196.953735],
[669.285009,-434743.691440,524778.004571,-796587.373829],
[670.513544,-384489.746768,481560.850367,-819526.850651],
[671.774897,-329549.918979,437935.634954,-840410.393532],
[672.777487,-283552.388588,403925.913034,-854878.908295],
[673.747255,-237190.074092,371696.375344,-866921.043228],
[674.683326,-190790.639058,341302.753103,-876595.088754],
[675.592060,-144302.118048,312558.853856,-884043.636263],
[676.464156,-98458.574076,285762.517325,-889300.226640],
[677.248277,-56308.222837,262395.543719,-892379.896502],
[678.005308,-14867.176707,240545.218716,-893826.547451],
[678.751859,26630.130556,219731.872359,-893748.875467],
[679.462298,66617.088608,200648.470447,-892263.425665],
[680.162906,106443.358635,182561.635630,-889435.001185],
[680.705970,137529.953702,169067.419801,-886305.922362],
[681.230889,167716.871983,156478.416593,-882503.244945],
[681.812213,201263.378021,143076.416203,-877401.890132],
[681.812213,201263.378021,143076.416203,-877401.890132],
[682.393536,234884.663746,130260.581264,-871371.216561],
[682.918456,265267.689023,119207.109943,-865135.357454],
[683.461520,296685.849694,108303.629343,-857905.234392],
[684.162128,337133.870413,95056.723978,-847429.429872],
[684.872567,377975.697580,82589.947970,-835518.751744],
[685.619118,420616.618268,70561.330231,-821651.806565],
[686.376149,463476.320750,59506.253893,-806233.603155],
[687.160270,507373.847146,49285.863273,-788892.821068],
[688.032366,555496.277417,39404.137679,-768062.815742],
[688.941100,604739.907703,30780.576838,-744748.136604],
[689.877170,654387.947884,23683.657507,-719155.699354],
[690.846939,704559.661253,18232.735862,-691114.534083],
[691.849528,754974.015842,14609.674911,-660667.232290],
[693.110882,816164.798569,12905.229427,-620536.826904],
[694.339417,873250.518983,14224.122731,-579807.451575],
[695.528931,926075.856374,18210.645996,-539118.497506],
[696.803055,979928.225779,25324.622901,-494464.012982],
[698.040811,1029506.278541,34931.220202,-450292.209523],
[699.285899,1076644.672368,47146.921193,-405317.310062],
[700.574200,1122539.074503,62341.959330,-358442.839255],
[701.967892,1168912.824517,81539.209709,-307592.056824],
[703.388412,1212716.445651,103870.802195,-255851.673020],
[704.815302,1253249.472164,128920.026162,-204189.254725],
[706.264396,1290918.471483,156848.770663,-152236.655598],
[707.753828,1326035.959647,187967.666366,-99555.915885],
[709.212578,1356964.070691,220623.356739,-48816.221373],
[710.639353,1383964.968095,254471.201189,-129.488053],
[712.314741,1411658.454305,296402.198501,55718.481843],
[714.093977,1436434.858312,343246.041448,113322.013018],
[716.213754,1459889.494204,401771.136086,179477.806196],
[718.372499,1477195.302765,463950.977824,243913.017915],
[720.842585,1489114.135911,537697.184701,313819.956423],
[723.336205,1492904.783323,614319.841352,380095.687419],
[725.989811,1488182.027930,697546.711293,445742.627274],
[728.767103,1473954.873688,785748.785921,508947.467170],
[731.608484,1450000.610181,876346.629240,567705.650592],
[734.524350,1416007.644516,968881.534056,621743.097750],
[737.465322,1372573.548724,1060958.969790,669798.570996],
[740.428751,1320055.816770,1151684.845330,711674.056370],
[743.325548,1260772.850837,1237665.994756,746278.847456],
[746.352532,1191038.826230,1323941.829644,775796.249437],
[749.359895,1114520.064836,1405367.515631,798459.129923],
[752.219214,1035697.010508,1478235.778054,813914.767057],
[755.435056,940741.041560,1554250.013325,824297.125525],
[758.650899,839973.563063,1623337.575069,827383.932560],
[761.605168,743077.306529,1680184.151952,823904.150905],
[764.598164,641472.230703,1730867.333536,814330.089391],
[766.673215,569414.673358,1761719.599167,804184.387022],
[767.001617,557910.966669,1766271.195899,802318.886858],
[767.038740,556609.027373,1766779.952497,802103.569346],
[767.038740,556609.027373,1766779.952497,802103.569346],
[767.075863,555306.779709,1767287.536574,801887.351108],
[767.404264,543773.487629,1771726.630356,799935.426197],
[769.479316,470413.791768,1797626.614959,785984.262728],
[772.472311,363551.702750,1828302.284838,761013.556056],
[775.426580,257597.634758,1850622.465155,730879.327356],
[778.642423,142698.078461,1865703.660936,692054.672933],
[781.858266,29305.649070,1871001.925920,647147.226887],
[784.717584,-69363.912358,1867404.022566,602279.565699],
[787.724948,-170068.438208,1855143.584304,550249.291178],
[790.751931,-267339.258749,1834045.027579,493057.777226],
[793.648728,-355719.950504,1805692.836673,433983.872122],
[796.612157,-440493.838200,1768548.005893,369358.006952],
[799.553129,-518110.526059,1723713.274944,301243.397473],
[802.468996,-587785.558097,1671637.064117,230027.288377],
[805.310376,-647873.542874,1613838.538610,157342.595300],
[808.087668,-698364.623535,1550894.164712,83413.397809],
[810.741274,-738270.180650,1485084.465720,10371.170015],
[813.234894,-767710.824325,1418472.278772,-60154.981791],
[815.704980,-788577.256882,1348218.067438,-131544.613016],
[817.863726,-799583.150955,1283579.546842,-194935.875740],
[819.983502,-803412.770181,1217395.362040,-257839.638076],
[821.762738,-800997.523509,1159939.385181,-310937.283298],
[823.438127,-793796.992117,1104390.237520,-361003.020058],
[824.864901,-783741.825319,1056080.456937,-403549.250872],
[826.323651,-769590.841710,1005831.668054,-446818.959036],
[827.813083,-750965.196569,953738.344068,-490594.008098],
[829.262177,-728659.553242,902403.189012,-532608.302884],
[830.689067,-702539.121923,851341.001425,-573225.680818],
[832.109587,-672324.927641,800122.344373,-612700.688070],
[833.503279,-638500.071847,749625.841382,-650261.884839],
[834.791581,-603477.603198,702851.232064,-683727.747409],
[836.036668,-566152.730737,657671.901805,-714706.370975],
[837.274424,-525631.105227,612901.942686,-743947.897508],
[838.548548,-480353.062751,567100.163511,-772175.636361],
[839.738062,-434833.898141,524732.556412,-796568.076652],
[840.966597,-384576.454456,481520.655399,-819509.783966],
[842.227951,-329632.993781,437901.182996,-840395.765315],
[843.230540,-283632.550829,403896.269317,-854866.321646],
[844.200309,-237267.402165,371671.577994,-866910.514334],
[845.136379,-190865.219758,341282.805999,-876586.619263],
[846.045113,-144374.025068,312543.766302,-884037.230125],
[846.917209,-98527.913693,285752.221897,-889295.855226],
[847.701330,-56375.256877,262389.654358,-892377.395894],
[848.458361,-14931.991222,240543.661273,-893825.886164],
[849.204912,26567.494826,219734.652713,-893750.055999],
[849.915351,66556.513322,200655.430719,-892266.380979],
[850.615959,106384.799229,182572.759017,-889439.724148],
[851.159023,137472.943514,169081.792729,-886312.025072],
[851.683943,167661.346294,156495.945015,-882510.687470],
[852.265266,201209.479430,143097.451303,-877410.821584],
[852.265266,201209.479430,143097.451303,-877410.821584],
[852.846590,234832.372227,130285.130857,-871381.640258],
[853.371509,265216.829492,119234.835521,-865147.129666],
[853.914574,296636.450580,108334.639120,-857918.401067],
[854.615181,337086.320681,95091.961849,-847444.391785],
[855.325620,377929.979357,82629.455102,-835535.526375],
[856.072171,420572.772561,70605.294692,-821670.473767],
[856.829203,463434.314649,59554.698544,-806254.172634],
[857.613323,507333.678727,49338.896597,-788915.338887],
[858.485419,555458.066113,39462.201308,-768087.469416],
[859.394154,604703.632269,30843.787969,-744774.975895],
[860.330224,654353.549831,23752.058411,-719184.742210],
[861.299993,704527.077205,18306.381274,-691145.803743],
[862.302582,754943.161522,14688.590189,-660700.739523],
[863.563935,816135.903123,12990.541037,-620573.050003],
[864.792471,873223.292993,14315.401557,-579846.208339],
[865.981985,926050.019228,18307.446689,-539159.598842],
[867.256108,979903.626564,25427.052792,-494507.504462],
[868.493864,1029482.635302,35038.832516,-450337.901447],
[869.738952,1076621.748045,47259.460888,-405365.094140],
[871.027253,1122516.641981,62459.296360,-358492.660269],
[872.420946,1168890.641921,81661.394165,-307643.936043],
[873.841465,1212694.224863,103997.565392,-255905.496362],
[875.268355,1253226.925656,129051.026246,-204244.877039],
[876.717450,1290895.311171,156983.708233,-152293.949759],
[878.206882,1326011.884389,188106.274688,-99614.768638],
[879.665631,1356938.833741,220765.197901,-48876.446781],
[881.092406,1383938.353732,254615.864661,-190.911808],
[882.767794,1411629.935442,296549.756653,55655.829015],
[884.547030,1436403.999346,343396.189339,113258.260593],
[886.666807,1459855.453690,401923.735484,179413.012867],
[888.825552,1477157.622339,464105.386013,243847.456578],
[891.295639,1489071.849446,537852.838526,313753.866192],
[893.789258,1492857.429021,614475.891137,380029.429064],
[896.442864,1488128.887623,697702.267112,445676.578656],
[899.220157,1473895.318974,785902.854248,508882.050137],
[902.061537,1449934.193358,876498.193296,567641.296866],
[904.977404,1415933.953644,969029.544459,621680.252897],
[907.918375,1372492.366187,1061102.439675,669737.654035],
[910.881804,1319967.009607,1151822.825170,711615.470470],
[913.778601,1260676.592375,1237797.777409,746222.892865],
[916.805585,1190934.859931,1324066.322642,775743.390017],
[919.812949,1114408.593510,1405484.009790,798409.666790],
[922.672267,1035578.608789,1478344.032527,813868.802474],
[925.888110,940615.155535,1554348.341732,824255.375525],
[929.103952,839840.593016,1623425.369950,827346.655069],
[932.058221,742938.240533,1680261.818019,823871.174084],
[935.051217,641327.442561,1730934.378596,814301.622223],
[937.126268,569266.210421,1761779.111914,804159.118056],
[937.454670,557761.945235,1766329.506139,802294.128473],
[937.491793,556459.943211,1766838.126646,802078.868746],
[937.491793,556459.943211,1766838.126646,802078.868746],
[937.528916,555157.632923,1767345.574594,801862.708307],
[937.857318,543623.790246,1771783.462787,799911.295286],
[939.932369,470260.768359,1797675.778978,785963.387806],
[942.925364,363394.365254,1828340.278411,760997.424078],
[945.879633,257436.627387,1850649.383236,730867.898005],
[949.095476,142533.772281,1865718.568476,692048.343228],
[952.311319,29138.796652,1871004.980496,647145.929922],
[955.170637,-69532.379407,1867396.763195,602282.648010],
[958.178001,-170237.932263,1855125.798315,550256.843065],
[961.204984,-267509.085085,1834017.073927,493069.646278],
[964.101781,-355889.434528,1805655.644662,433999.663758],
[967.065211,-440662.307243,1768501.952588,369377.561073],
[970.006182,-518277.331180,1723659.108507,301266.396409],
[972.922049,-587950.080047,1671575.614711,230053.379644],
[975.763429,-648035.248765,1613770.808407,157371.353377],
[978.540721,-698523.030751,1550821.156878,83444.396755],
[981.194328,-738424.950397,1485007.286780,10403.940003],
[983.687947,-767861.761114,1418392.022626,-60120.905229],
[986.158033,-788724.018386,1348135.630351,-131509.610432],
[988.316779,-799725.969253,1283495.959522,-194900.384770],
[990.436555,-803551.462127,1217311.374632,-257803.977229],
[992.215792,-801132.566262,1159855.650428,-310901.729728],
[993.891180,-793928.450467,1104307.255620,-360967.786147],
[995.317954,-783870.122272,1055998.526263,-403514.463309],
[996.776704,-769715.806717,1005751.216744,-446784.799608],
[998.266136,-751086.659284,953659.839868,-490560.675408],
[999.715231,-728777.514769,902327.016600,-532575.960265],
[1001.142120,-702653.548791,851267.559580,-573194.497592],
[1002.562640,-672435.752955,800052.060929,-612670.845892],
[1003.956332,-638607.286088,749559.093815,-650233.543986],
[1005.244634,-603581.413675,702788.145539,-683700.961026],
[1006.489721,-566253.193811,657612.716999,-714681.241252],
[1007.727478,-525728.186509,612846.993812,-743924.566352],
[1009.001601,-480446.609572,567049.947678,-772154.314842],
[1010.191115,-434924.099167,524687.098858,-796548.775486],
[1011.419650,-384663.157249,481480.451336,-819492.713420],
[1012.681004,-329716.064306,437866.722365,-840381.133416],
[1013.683593,-283712.709399,403866.617226,-854853.731441],
[1014.653362,-237344.727238,371646.772543,-866899.982001],
[1015.589432,-190939.798064,341262.851083,-876578.146455],
[1016.498166,-144445.930193,312528.671238,-884030.820798],
[1017.370262,-98597.252039,285741.919221,-889291.480736],
[1018.154383,-56442.290169,262383.757990,-892374.892311],
[1018.911414,-14996.805584,240542.097055,-893825.222001],
[1019.657965,26504.858790,219737.426519,-893751.233750],
[1020.368405,66495.937168,200662.384657,-892269.333604],
[1021.069012,106326.238416,182583.876290,-889444.444515],
[1021.612077,137415.931519,169096.159705,-886318.125255],
[1022.136996,167605.818476,156513.467622,-882518.127526],
[1022.718319,201155.578269,143118.480758,-877419.750639],
[1022.718319,201155.578269,143118.480758,-877419.750639],
[1023.299643,234780.077694,130309.674975,-871392.061630],
[1023.824562,265165.966534,119262.555788,-865158.899623],
[1024.367627,296587.047639,108365.643732,-857931.565549],
[1025.068234,337038.766573,95127.194770,-847459.351597],
[1025.778673,377884.256267,82668.957449,-835552.298975],
[1026.525224,420528.921431,70649.254569,-821689.139022],
[1027.282256,463392.302599,59603.138774,-806274.740237],
[1028.066376,507293.503741,49391.925753,-788937.854936],
[1028.938473,555419.847663,39520.260916,-768112.121383],
[1029.847207,604667.349041,30906.995299,-744801.813572],
[1030.783277,654319.143345,23820.455708,-719213.783534],
[1031.753046,704494.484096,18380.023223,-691177.071934],
[1032.755635,754912.297492,14767.502182,-660734.245361],
[1034.016989,816106.997157,13075.849612,-620609.271814],
[1035.245524,873196.055746,14406.677523,-579884.963890],
[1036.435038,926024.170155,18404.244621,-539200.699006],
[1037.709161,979879.014712,25529.480111,-494550.994850],
[1038.946918,1029458.978788,35146.442393,-450383.592336],
[1040.192005,1076598.809825,47371.998219,-405412.877214],
[1041.480306,1122494.194972,62576.631097,-358542.480310],
[1042.873999,1168868.444253,81783.576341,-307695.814294],
[1044.294519,1212671.988435,104124.326246,-255959.318709],
[1045.721408,1253204.362988,129182.024019,-204300.498371],
[1047.170503,1290872.134221,157118.643298,-152351.242855],
[1048.659935,1325987.792046,188244.880434,-99673.620297],
[1050.118684,1356913.579273,220907.036462,-48936.671085],
[1051.545459,1383911.721526,254760.525353,-252.334381],
[1053.220847,1411601.398372,296697.311821,55593.177453],
[1055.000084,1436373.121843,343546.334071,113194.509509],
[1057.119860,1459821.394341,402076.331368,179348.221030],
[1059.278606,1477119.922879,464259.790195,243781.896942],
[1061.748692,1489029.543792,538008.487825,313687.777883],
[1064.242311,1492810.055463,614631.935997,379963.172801],
[1066.895917,1488075.728092,697857.817444,445610.532368],
[1069.673210,1473835.745241,786056.916399,508816.635727],
[1072.514590,1449867.757834,876649.750398,567576.946094],
[1075.430457,1415860.244525,969177.547146,621617.411320],
[1078.371428,1372411.165945,1061245.901069,669676.740680],
[1081.334858,1319878.185385,1151960.795794,711556.888482],
[1084.231654,1260580.317708,1237929.549909,746166.942586],
[1087.258638,1190830.878256,1324190.804786,775690.535204],
[1090.266002,1114297.107808,1405600.492288,798360.208607],
[1093.125320,1035460.193784,1478452.274564,813822.843172],
[1096.341163,940489.257322,1554446.657021,824213.631095],
[1099.557005,839707.612117,1623513.150946,827309.383474],
[1102.511275,742799.164976,1680339.469534,823838.203442],
[1105.504270,641182.646213,1731001.408496,814273.161493],
[1107.579321,569117.740208,1761838.609107,804133.855694],
[1107.907723,557612.916563,1766387.800826,802269.376693],
[1107.944846,556310.851871,1766896.285211,802054.174762],
[1107.944846,556310.851871,1766896.285211,802054.174762],
[1107.981969,555008.479000,1767403.597006,801838.072134],
[1108.310371,543474.085787,1771840.279591,799887.171011],
[1110.385422,470107.738818,1797724.927023,785942.519668],
[1113.378417,363237.023047,1828378.255550,760981.299079],
[1116.332687,257275.616722,1850676.284480,730856.475803],
[1119.548529,142369.464314,1865733.458833,692042.020819],
[1122.764372,28971.943756,1871008.017632,647144.640362],
[1125.623690,-69700.845563,1867389.486222,602285.737795],
[1128.631054,-170407.424125,1855107.994617,550264.402472],
[1131.658038,-267678.908100,1833989.102503,493081.522876],
[1134.554834,-356058.913889,1805618.434954,434015.462908],
[1137.518264,-440830.770599,1768455.881670,369397.122671],
[1140.459235,-518444.129640,1723604.924623,301289.402753],
[1143.375102,-588114.594424,1671514.148116,230079.478209],
[1146.216482,-648196.946242,1613703.061312,157400.118627],
[1148.993775,-698681.428894,1550748.132523,83475.402717],
[1151.647381,-738579.710597,1484930.091674,10436.716855],
[1154.141000,-768012.688083,1418311.750645,-60086.821943],
[1156.611086,-788870.769791,1348053.177892,-131474.601321],
[1158.769832,-799868.777223,1283412.357289,-194864.887468],
[1160.889608,-803690.143648,1217227.372767,-257768.310244],
[1162.668845,-801267.598685,1159771.901560,-310866.170165],
[1164.344233,-794059.898580,1104224.259980,-360932.546403],
[1165.771008,-783998.409073,1055916.582201,-403479.670062],
[1167.229757,-769840.761858,1005670.752340,-446750.634620],
[1168.719189,-751208.112386,953581.322927,-490527.337308],
[1170.168284,-728895.466880,902250.831869,-532543.612415],
[1171.595173,-702767.966772,851194.105665,-573163.309240],
[1173.015693,-672546.569512,799981.765956,-612640.998820],
[1174.409386,-638714.492010,749492.335091,-650205.198396],
[1175.697687,-603685.216273,702725.048221,-683674.170060],
[1176.942774,-566353.649491,657553.521746,-714656.107093],
[1178.180531,-525825.261174,612792.034699,-743901.230847],
[1179.454654,-480540.150311,566999.722005,-772132.989145],
[1180.644168,-435014.294735,524641.631799,-796529.470285],
[1181.872703,-384749.854964,481440.238267,-819475.639050],
[1183.134057,-329799.130679,437832.253009,-840366.497812],
[1184.136646,-283792.864275,403836.956769,-854841.137684],
[1185.106415,-237422.049144,371621.959044,-866889.446250],
[1186.042485,-191014.373807,341242.888397,-876569.670348],
[1186.951219,-144517.833554,312513.568636,-884024.408270],
[1187.823316,-98666.589070,285731.609303,-889287.103170],
[1188.607436,-56509.322816,262377.854610,-892372.385750],
[1189.364468,-15061.619674,240540.526063,-893824.554962],
[1190.111019,26442.222317,219740.193782,-893752.408723],
[1190.821458,66435.360203,200669.332260,-892272.283539],
[1191.522065,106267.676303,182594.987428,-889449.162277],
[1192.065130,137358.917821,169110.520705,-886324.222900],
[1192.590049,167550.288413,156530.984451,-882525.565128],
[1193.171373,201101.674439,143139.504608,-877428.677314],
[1193.171373,201101.674439,143139.504608,-877428.677314],
[1193.752696,234727.780071,130334.213656,-871402.480694],
[1194.277616,265115.100185,119290.270720,-865170.667316],
[1194.820680,296537.640904,108396.643162,-857944.727831],
[1195.521287,336991.208169,95162.422683,-847474.309282],
[1196.231727,377838.528249,82708.455065,-835569.069565],
[1196.978278,420485.064903,70693.209836,-821707.802321],
[1197.735309,463350.284508,59651.574686,-806295.306006],
[1198.519430,507253.322262,49444.950647,-788960.369175],
[1199.391526,555381.621998,39578.316608,-768136.771687],
[1200.300260,604631.058033,30970.198807,-744828.649626],
[1201.236330,654284.728436,23888.849377,-719242.823317],
[1202.206099,704461.881847,18453.661887,-691208.338730],
[1203.208688,754881.423675,14846.411079,-660767.749884],
[1204.470042,816078.080678,13161.155126,-620645.492326],
[1205.698577,873168.807250,14497.950598,-579923.718213],
[1206.888091,925998.309100,18501.039998,-539241.798085],
[1208.162214,979854.390199,25631.904966,-494594.484191],
[1209.399971,1029435.309010,35254.049696,-450429.282132],
[1210.645058,1076575.857748,47484.533052,-405460.659227],
[1211.933360,1122471.733511,62693.963363,-358592.299301],
[1213.327052,1168846.231520,81905.756082,-307747.691512],
[1214.747572,1212649.736345,104251.084929,-256013.140134],
[1216.174461,1253181.784171,129313.019309,-204356.118649],
[1217.623556,1290848.940592,157253.576145,-152408.535010],
[1219.112988,1325963.682573,188383.483851,-99732.470967],
[1220.571738,1356888.307339,221048.872256,-48996.894214],
[1221.998512,1383885.071485,254905.183168,-313.755734],
[1223.673900,1411572.843115,296844.863918,55530.527196],
[1225.453137,1436342.225848,343696.475414,113130.759865],
[1227.572913,1459787.316182,402228.923572,179283.430756],
[1229.731659,1477082.204324,464414.190649,243716.338889],
[1232.201745,1488987.218883,538164.132943,313621.691348],
[1234.695364,1492762.662689,614787.975787,379896.918690],
[1237.348971,1488022.549434,698013.362058,445544.488508],
[1240.126263,1473776.152556,786210.972183,508751.224020],
[1242.967643,1449801.303653,876801.300467,567512.598307],
[1245.883510,1415786.517174,969325.542052,621554.573047],
[1248.824481,1372329.948051,1061389.353886,669615.830967],
[1251.787911,1319789.344240,1152098.756989,711498.310498],
[1254.684708,1260484.026644,1238061.312553,746110.996491],
[1257.711691,1190726.881308,1324315.275975,775637.685044],
[1260.719055,1114185.607802,1405716.963063,798310.755403],
[1263.578373,1035341.765243,1478560.504376,813776.889059],
[1266.794216,940363.347116,1554544.959048,824171.892296],
[1270.010059,839574.620490,1623600.917974,827272.117810],
[1272.964328,742660.079904,1680417.106482,823805.238985],
[1275.957323,641037.841400,1731068.423350,814244.707150],
[1278.032374,568969.262455,1761898.090873,804108.599883],
[1278.360776,557463.880833,1766446.079878,802244.631551],
[1278.397899,556161.753447,1766954.428154,802029.487412],
[1278.397899,556161.753447,1766954.428154,802029.487412],
[1278.435022,554859.317738,1767461.603899,801813.442550],
[1278.763424,543324.374477,1771897.080689,799863.053405],
[1280.838475,469954.703376,1797774.059019,785921.658343],
[1283.831471,363079.676276,1828416.216206,760965.181078],
[1286.785740,257114.602812,1850703.168885,730845.060750],
[1290.001583,142205.154285,1865748.332033,692035.705694],
[1293.217425,28805.090688,1871011.037331,647143.358205],
[1296.076743,-69869.310718,1867382.191647,602288.835054],
[1299.084107,-170576.913967,1855090.173177,550271.969411],
[1302.111091,-267848.727457,1833961.113365,493093.406995],
[1305.007888,-356228.388888,1805581.207481,434031.269602],
[1307.971317,-440999.228167,1768409.793164,369416.691737],
[1310.912288,-518610.921288,1723550.723347,301312.416481],
[1313.828155,-588279.101114,1671452.664358,230105.584061],
[1316.669535,-648358.635560,1613635.297240,157428.891085],
[1319.446828,-698839.818242,1550675.091516,83506.415749],
[1322.100434,-738734.461203,1484852.880425,10469.500562],
[1324.594053,-768163.604973,1418231.462992,-60052.732003],
[1327.064140,-789017.510863,1347970.710176,-131439.585731],
[1329.222885,-800011.574814,1283328.740168,-194829.383844],
[1331.342662,-803828.814994,1217143.356294,-257732.637056],
[1333.121898,-801402.620693,1159688.138628,-310830.604630],
[1334.797286,-794191.336372,1104141.250650,-360897.300845],
[1336.224061,-784126.685927,1055834.624636,-403444.871081],
[1337.682810,-769965.706930,1005590.274952,-446716.464119],
[1339.172242,-751329.555651,953502.793383,-490493.993857],
[1340.621337,-729013.409732,902174.634714,-532511.259291],
[1342.048227,-702882.375507,851120.639895,-573132.115855],
[1343.468746,-672657.377563,799911.459293,-612611.146783],
[1344.862439,-638821.689858,749425.565059,-650176.848005],
[1346.150740,-603789.011241,702661.939955,-683647.374446],
[1347.395828,-566454.098020,657494.315903,-714630.968437],
[1348.633584,-525922.328911,612737.065524,-743877.891071],
[1349.907707,-480633.684710,566949.486631,-772111.659328],
[1351.097221,-435104.484555,524596.155382,-796510.161110],
[1352.325757,-384836.547718,481400.016135,-819458.560831],
[1353.587110,-329882.192674,437797.775024,-840351.858545],
[1354.589700,-283873.015612,403807.287889,-854828.540351],
[1355.559468,-237499.367988,371597.137461,-866878.907067],
[1356.495538,-191088.947086,341222.917917,-876561.190931],
[1357.404273,-144589.734942,312498.458543,-884017.992562],
[1358.276369,-98735.924935,285721.292123,-889282.722520],
[1359.060489,-56576.354631,262371.944232,-892369.876218],
[1359.817521,-15126.433569,240538.948296,-893823.885046],
[1360.564072,26379.585599,219742.954493,-893753.580914],
[1361.274511,66374.782290,200676.273541,-892275.230790],
[1361.975118,106209.112819,182606.092444,-889453.877439],
[1362.518183,137301.902351,169124.875746,-886330.318015],
[1363.043102,167494.756273,156548.495449,-882533.000255],
[1363.624426,201047.768098,143160.522791,-877437.601583],
[1363.624426,201047.768098,143160.522791,-877437.601583],
[1364.205749,234675.479500,130358.746834,-871412.897421],
[1364.730669,265064.230342,119317.980377,-865182.432768],
[1365.273733,296488.230271,108427.637474,-857957.887940],
[1365.974341,336943.645418,95197.645625,-847489.264857],
[1366.684780,377792.795428,82747.947840,-835585.838100],
[1367.431331,420441.202887,70737.160585,-821726.463700],
[1368.188362,463308.260506,59700.006132,-806315.869879],
[1368.972483,507213.134241,49497.971339,-788982.881631],
[1369.844579,555343.389229,39636.368216,-768161.420257],
[1370.753313,604594.759171,31033.398617,-744855.484110],
[1371.689383,654250.305037,23957.239552,-719271.861617],
[1372.659152,704429.270564,18527.297033,-691239.604031],
[1373.661741,754850.540168,14925.316630,-660801.252987],
[1374.923095,816049.153632,13246.457746,-620681.711609],
[1376.151630,873141.547452,14589.220964,-579962.471386],
[1377.341144,925972.436144,18597.832524,-539282.895953],
[1378.615268,979829.753086,25734.327091,-494637.972373],
[1379.853024,1029411.625922,35361.654688,-450474.970947],
[1381.098111,1076552.891751,47597.065654,-405508.440293],
[1382.386413,1122449.257570,62811.293280,-358642.117295],
[1383.780105,1168824.003689,82027.933687,-307799.567822],
[1385.200625,1212627.468651,104377.841093,-256066.960489],
[1386.627515,1253159.189156,129444.012438,-204411.738009],
[1388.076609,1290825.730349,157388.506361,-152465.826048],
[1389.566041,1325939.556036,188522.084536,-99791.320476],
[1391.024791,1356863.017863,221190.705621,-49057.116312],
[1392.451566,1383858.403551,255049.838416,-375.175996],
[1394.126954,1411544.269614,296992.413252,55467.878112],
[1395.906190,1436311.311321,343846.613525,113067.011592],
[1398.025966,1459753.219152,402381.512448,179218.641895],
[1400.184712,1477044.466770,464568.586923,243650.782611],
[1402.654798,1488944.874832,538319.773399,313555.606794],
[1405.148418,1492715.250598,614944.010859,379830.666582],
[1407.802024,1487969.351580,698168.901109,445478.447009],
[1410.579316,1473716.540778,786365.021969,508685.814860],
[1413.420696,1449734.830675,876952.843817,567448.253373],
[1416.336563,1415712.771455,969473.529478,621491.737950],
[1419.277535,1372248.712337,1061532.798432,669554.924765],
[1422.240964,1319700.486067,1152236.708888,711439.736461],
[1425.137761,1260387.719465,1238193.064927,746055.054758],
[1428.164745,1190622.868844,1324439.736476,775584.839421],
[1431.172108,1114074.093264,1405833.422364,798261.307070],
[1434.031427,1035223.323533,1478668.721652,813730.940270],
[1437.247269,940237.424780,1554643.247910,824130.159087],
[1440.463112,839441.617840,1623688.671238,827234.857990],
[1443.417381,742520.985045,1680494.729008,823772.280651],
[1446.410376,640893.028538,1731135.422963,814216.259280],
[1448.485428,568820.777586,1761957.557021,804083.350703],
[1448.813830,557314.837690,1766504.343440,802219.892986],
[1448.850952,556012.647627,1767012.555605,802004.806639],
[1448.850952,556012.647627,1767012.555605,802004.806639],
[1448.888075,554710.149548,1767519.595114,801788.819622],
[1449.216477,543174.656157,1771953.866130,799838.942446],
[1451.291529,469801.661872,1797823.175014,785900.803812],
[1454.284524,362922.324584,1828454.160474,760949.070034],
[1457.238793,256953.585345,1850730.036504,730833.652825],
[1460.454636,142040.842674,1865763.188044,692029.397869],
[1463.670478,28638.237248,1871014.039581,647142.083457],
[1466.529797,-70037.775226,1867374.879445,602291.939797],
[1469.537160,-170746.401353,1855072.334045,550279.543862],
[1472.564144,-268018.543359,1833933.106468,493105.298654],
[1475.460941,-356397.859038,1805543.962346,434047.083795],
[1478.424370,-441167.680305,1768363.686989,369436.268306],
[1481.365342,-518777.706501,1723496.504552,301335.437648],
[1484.281209,-588443.600467,1671391.163317,230131.697252],
[1487.122589,-648520.316272,1613567.516376,157457.670674],
[1489.899881,-698998.198336,1550602.034060,83537.435765],
[1492.553487,-738889.202516,1484775.652884,10502.291185],
[1495.047107,-768314.511958,1418151.159569,-60018.635367],
[1497.517193,-789164.241763,1347888.227129,-131404.563633],
[1499.675938,-800154.362305,1283245.108002,-194793.873832],
[1501.795715,-803967.475760,1217059.325448,-257696.957766],
[1503.574951,-801537.632572,1159604.361459,-310795.033050],
[1505.250339,-794322.764123,1104058.227461,-360862.049403],
[1506.677114,-784254.952466,1055752.653778,-403410.066457],
[1508.135864,-770090.642082,1005509.784516,-446682.288078],
[1509.625296,-751450.989225,953424.251143,-490460.645015],
[1511.074390,-729131.343008,902098.425353,-532478.900984],
[1512.501280,-702996.775361,851047.162064,-573100.917349],
[1513.921800,-672768.176770,799841.141149,-612581.289873],
[1515.315492,-638928.879311,749358.783932,-650148.492902],
[1516.603793,-603892.798268,702598.820937,-683620.574266],
[1517.848881,-566554.539091,657435.099650,-714605.825362],
[1519.086637,-526019.390013,612682.086120,-743854.546951],
[1520.360761,-480727.212911,566899.241479,-772090.325361],
[1521.550275,-435194.668901,524550.669468,-796490.847903],
[1522.778810,-384923.235639,481359.784880,-819441.478739],
[1524.040164,-329965.250414,437763.288355,-840337.215590],
[1525.042753,-283953.163166,403777.610676,-854815.939479],
[1526.012522,-237576.683887,371572.307760,-866868.364437],
[1526.948592,-191163.518013,341202.939611,-876552.708192],
[1527.857326,-144661.634465,312483.340933,-884011.573662],
[1528.729422,-98805.259422,285710.967710,-889278.338800],
[1529.513543,-56643.385717,262366.026845,-892367.363710],
[1530.270574,-15191.247368,240537.363752,-893823.212252],
[1531.017125,26316.948445,219745.708661,-893754.750327],
[1531.727564,66314.203611,200683.208479,-892278.175347],
[1532.428172,106150.547878,182617.191356,-889458.590010],
[1532.971236,137244.885024,169139.224847,-886336.410608],
[1533.496156,167439.221889,156566.000670,-882540.432929],
[1534.077479,200993.859164,143181.535339,-877446.523459],
[1534.077479,200993.859164,143181.535339,-877446.523459],
[1534.658803,234623.175903,130383.274545,-871423.311826],
[1535.183722,265013.357158,119345.684675,-865194.195944],
[1535.726786,296438.815888,108458.626574,-857971.045835],
[1536.427394,336896.078251,95232.863647,-847504.218342],
[1537.137833,377747.057734,82787.435835,-835602.604606],
[1537.884384,420397.335515,70781.106682,-821745.123105],
[1538.641416,463266.230465,59748.433259,-806336.431918],
[1539.425536,507172.939616,49550.987910,-789005.392336],
[1540.297632,555305.149297,39694.415828,-768186.067130],
[1541.206366,604558.452568,31096.594536,-744882.316942],
[1542.142437,654215.873253,24025.626025,-719300.898345],
[1543.112205,704396.650145,18600.928879,-691270.867932],
[1544.114795,754819.646880,15004.219070,-660834.754769],
[1545.376148,816020.216106,13331.757213,-620717.929553],
[1546.604683,873114.276436,14680.488341,-580001.223290],
[1547.794198,925946.551205,18694.622491,-539323.992735],
[1549.068321,979805.103337,25836.746639,-494681.459462],
[1550.306077,1029387.929597,35469.257041,-450520.658642],
[1551.551165,1076529.911909,47709.595684,-405556.220267],
[1552.839466,1122426.767128,62928.621024,-358691.934367],
[1554.233159,1168801.760818,82150.108781,-307851.443067],
[1555.653678,1212605.185311,104504.594930,-256120.779857],
[1557.080568,1253136.578024,129575.003005,-204467.356282],
[1558.529663,1290802.503427,157523.434356,-152523.116143],
[1560.019094,1325915.412397,188660.682698,-99850.168915],
[1561.477844,1356837.710926,221332.536128,-49117.337197],
[1562.904619,1383831.717820,255194.490657,-436.594982],
[1564.580007,1411515.677949,297139.959375,55405.230391],
[1566.359243,1436280.378236,343996.748633,113003.264594],
[1568.479020,1459719.103356,402534.097526,179153.854646],
[1570.637765,1477006.710169,464722.979252,243585.228008],
[1573.107851,1488902.511506,538475.409663,313489.524019],
[1575.601471,1492667.819323,615100.040737,379764.416680],
[1578.255077,1487916.134461,698324.434835,445412.407772],
[1581.032370,1473656.910071,786519.065287,508620.408446],
[1583.873750,1449668.339104,877104.379990,567383.911487],
[1586.789616,1415639.007596,969621.508972,621428.906221],
[1589.730588,1372167.459055,1061676.234271,669494.022261],
[1592.694017,1319611.610740,1152374.651710,711381.166278],
[1595.590814,1260291.396036,1238324.807235,745999.117297],
[1598.617798,1190518.841184,1324564.185916,775531.998495],
[1601.625162,1113962.564522,1405949.869827,798211.863764],
[1604.484480,1035104.868287,1478776.926706,813684.996671],
[1607.700322,940111.490130,1554741.523760,824088.431403],
[1610.916165,839308.604560,1623776.410460,827197.604132],
[1613.870434,742381.880815,1680572.336871,823739.328543],
[1616.863430,640748.207414,1731202.407443,814187.817834],
[1618.938481,568672.285388,1762017.007655,804058.108110],
[1619.266883,557165.787585,1766562.591334,802195.161073],
[1619.304006,555863.534863,1767070.667378,801980.132523],
[1619.304006,555863.534863,1767070.667378,801980.132523],
[1619.341129,554560.974202,1767577.570735,801764.203316],
[1619.669531,543024.930612,1772010.636016,799814.838092],
[1621.744582,469648.614078,1797872.275090,785879.956041],
[1624.737577,362764.968451,1828492.088238,760932.965999],
[1627.691846,256792.564803,1850756.887241,730822.252068],
[1630.907689,141876.529227,1865778.026871,692023.097339],
[1634.123532,28471.383188,1871017.024400,647140.816110],
[1636.982850,-70206.238579,1867367.549642,602295.052013],
[1639.990214,-170915.886534,1855054.477202,550287.125834],
[1643.017197,-268188.356064,1833905.081781,493117.197868],
[1645.913994,-356567.324591,1805506.699500,434062.905507],
[1648.877424,-441336.126498,1768317.563275,369455.852321],
[1651.818395,-518944.484770,1723442.268415,301358.466179],
[1654.734262,-588608.091983,1671329.645166,230157.817707],
[1657.575642,-648681.988619,1613499.718602,157486.457442],
[1660.352934,-699156.569415,1550528.960040,83568.462814],
[1663.006541,-739043.934068,1484698.409288,10535.088626],
[1665.500160,-768465.409260,1418070.840244,-59984.531980],
[1667.970246,-789310.962706,1347805.728610,-131369.534964],
[1670.128992,-800297.139258,1283161.461030,-194758.357533],
[1672.248768,-804106.126159,1216975.280109,-257661.272322],
[1674.028005,-801672.633906,1159520.570299,-310759.455530],
[1675.703393,-794454.181427,1103975.190651,-360826.792178],
[1677.130167,-784383.208896,1055670.669521,-403375.256143],
[1678.588917,-770215.567487,1005429.280889,-446648.106436],
[1680.078349,-751572.413295,953345.696095,-490427.290735],
[1681.527444,-729249.266877,902022.203655,-532446.537438],
[1682.954333,-703111.165971,850973.672378,-573069.713809],
[1684.374853,-672878.967302,799770.811425,-612551.428045],
[1685.768545,-639036.060518,749291.991592,-650120.133039],
[1687.056847,-603996.577510,702535.691078,-683593.769483],
[1688.301934,-566654.972857,657375.872901,-714580.677830],
[1689.539691,-526116.444182,612627.096650,-743831.198558],
[1690.813814,-480820.735055,566848.986476,-772068.987210],
[1692.003328,-435284.847498,524505.174196,-796471.530723],
[1693.231863,-385009.918465,481319.544625,-819424.392826],
[1694.493217,-330048.304025,437728.792952,-840322.568927],
[1695.495806,-284033.307181,403747.925041,-854803.335031],
[1696.465575,-237653.996604,371547.470014,-866857.818391],
[1697.401645,-191238.086363,341182.953541,-876544.222155],
[1698.310379,-144733.532232,312468.215785,-884005.151561],
[1699.182475,-98874.592739,285700.636035,-889273.951996],
[1699.966596,-56710.416174,262360.102444,-892364.848224],
[1700.723627,-15256.060872,240535.772435,-893822.536583],
[1701.470178,26254.311047,219748.456278,-893755.916958],
[1702.180618,66253.624078,200690.137084,-892281.117216],
[1702.881225,106091.981655,182628.284129,-889463.299974],
[1703.424289,137187.866015,169153.567968,-886342.500662],
[1703.949209,167383.685429,156583.500058,-882547.863126],
[1704.530532,200939.947557,143202.542284,-877455.442956],
[1704.530532,200939.947557,143202.542284,-877455.442956],
[1705.111856,234570.869201,130407.796825,-871433.723926],
[1705.636775,264962.480477,119373.383696,-865205.956881],
[1706.179840,296389.397607,108489.610555,-857984.201557],
[1706.880447,336848.506811,95268.076644,-847519.169694],
[1707.590886,377701.315099,82826.919109,-835619.369107],
[1708.337437,420353.462655,70825.048260,-821763.780591],
[1709.094469,463224.194513,59796.855919,-806356.992060],
[1709.878589,507132.738514,49604.000199,-789027.901224],
[1710.750686,555266.902147,39752.459529,-768210.712342],
[1711.659420,604522.138113,31159.786756,-744909.148203],
[1712.595490,654181.432980,24094.009002,-719329.933589],
[1713.565259,704364.020693,18674.557204,-691302.130338],
[1714.567848,754788.743905,15083.118162,-660868.255130],
[1715.829202,815991.268013,13417.053784,-620754.146267],
[1717.057737,873086.994119,14771.753006,-580039.974042],
[1718.247251,925920.654366,18791.409606,-539365.088306],
[1719.521374,979780.440915,25939.163766,-494724.945522],
[1720.759131,1029364.219996,35576.856917,-450566.345284],
[1722.004218,1076506.918180,47822.123311,-405603.999220],
[1723.292519,1122404.262242,63045.946240,-358741.750365],
[1724.686212,1168779.502867,82272.281553,-307903.317325],
[1726.106732,1212582.886309,104631.346626,-256174.598315],
[1727.533621,1253113.950726,129705.991208,-204522.973550],
[1728.982716,1290779.259899,157658.359713,-152580.405117],
[1730.472148,1325891.251621,188799.278545,-99909.016371],
[1731.930897,1356812.386496,221474.363988,-49177.556957],
[1733.357672,1383805.014241,255339.140107,-498.012783],
[1735.033060,1411487.068080,297287.502509,55342.583939],
[1736.812297,1436249.426673,344146.880278,112939.519067],
[1738.932073,1459684.968724,402686.679037,179089.068911],
[1741.090819,1476968.934467,464877.367868,243519.674981],
[1743.560905,1488860.129059,538631.041261,313423.443225],
[1746.054524,1492620.368798,615256.065655,379698.168883],
[1748.708130,1487862.898226,698479.962763,445346.370996],
[1751.485423,1473597.260377,786673.102373,508555.004679],
[1754.326803,1449601.828741,877255.909441,567319.572455],
[1757.242670,1415565.225358,969769.480977,621366.077671],
[1760.183641,1372086.187949,1061819.661831,669433.123272],
[1763.147071,1319522.718541,1152512.585034,711322.600128],
[1766.043867,1260195.056207,1238456.539673,745943.184029],
[1769.070851,1190414.798167,1324688.624479,775479.162187],
[1772.078215,1113851.021247,1406066.305809,798162.425332],
[1774.937533,1034986.399883,1478885.119219,813639.058396],
[1778.153376,939985.543548,1554839.786296,824046.709372],
[1781.369218,839175.580460,1623864.135780,827160.356177],
[1784.323488,742242.766810,1680649.930318,823706.382557],
[1787.316483,640603.377804,1731269.376883,814159.382775],
[1789.391534,568523.785623,1762076.442850,804032.872072],
[1789.719936,557016.730292,1766620.823645,802170.435777],
[1789.757059,555714.414696,1767128.763649,801955.464989],
[1789.757059,555714.414696,1767128.763649,801955.464989],
[1789.794182,554411.791482,1767635.530851,801739.593594],
[1790.122584,542875.198281,1772067.390157,799790.740423],
[1792.197635,469495.560462,1797921.359094,785859.115094],
[1795.190630,362607.607634,1828529.999548,760916.868950],
[1798.144900,256631.540713,1850783.721195,730810.858437],
[1801.360742,141712.213707,1865792.848550,692016.804091],
[1804.576585,28304.529018,1871019.991770,647139.556172],
[1807.435903,-70374.701023,1867360.202238,602298.171703],
[1810.443267,-171085.369769,1855036.602607,550294.715343],
[1813.470251,-268358.165056,1833877.039389,493129.104598],
[1816.367047,-356736.785802,1805469.418883,434078.734766],
[1819.330477,-441504.567251,1768271.421882,369475.443843],
[1822.271448,-519111.256349,1723388.014838,301381.502114],
[1825.187315,-588772.576154,1671268.109736,230183.945500],
[1828.028695,-648843.652845,1613431.903829,157515.251427],
[1830.805988,-699314.931722,1550455.869367,83599.496934],
[1833.459594,-739198.656321,1484621.149407,10567.892982],
[1835.953213,-768616.296427,1417990.505268,-59950.421946],
[1838.423299,-789457.673249,1347723.214884,-131334.499839],
[1840.582045,-800439.906107,1283077.799006,-194722.834844],
[1842.701821,-804244.766398,1216891.220155,-257625.580672],
[1844.481058,-801807.625109,1159436.764903,-310723.871965],
[1846.156446,-794585.588686,1103892.139985,-360791.529070],
[1847.583221,-784511.455404,1055588.671735,-403340.440085],
[1849.041970,-770340.482772,1005348.764330,-446613.919303],
[1850.531402,-751693.827488,953267.128478,-490393.931118],
[1851.980497,-729367.181523,901945.969524,-532414.168614],
[1853.407386,-703225.547516,850900.170743,-573038.505195],
[1854.827906,-672989.749326,799700.470025,-612521.561259],
[1856.221599,-639143.233649,749225.187948,-650091.768376],
[1857.509900,-604100.349116,702472.550267,-683566.960050],
[1858.754987,-566755.399466,657316.635559,-714555.525800],
[1859.992744,-526213.491568,612572.097038,-743807.845858],
[1861.266867,-480914.250856,566798.721774,-772047.644941],
[1862.456381,-435375.020481,524459.669499,-796452.209540],
[1863.684916,-385096.596326,481279.295310,-819407.303066],
[1864.946270,-330131.353255,437694.288921,-840307.918600],
[1865.948859,-284113.447410,403718.231073,-854790.727046],
[1866.918628,-237731.306257,371522.624187,-866847.268914],
[1867.854698,-191312.652246,341162.959676,-876535.732809],
[1868.763432,-144805.428023,312453.083145,-883998.726280],
[1869.635529,-98943.924677,285690.297127,-889269.562121],
[1870.419649,-56777.445798,262354.171046,-892362.329767],
[1871.176681,-15320.874277,240534.174342,-893821.858037],
[1871.923232,26191.673310,219751.197346,-893757.080809],
[1872.633671,66193.043599,200697.059368,-892284.056401],
[1873.334278,106033.414064,182639.370779,-889468.007338],
[1873.877343,137130.845235,169167.905129,-886348.588185],
[1874.402262,167328.146812,156600.993640,-882555.290858],
[1874.983586,200886.033440,143223.543562,-877464.360047],
[1874.983586,200886.033440,143223.543562,-877464.360047],
[1875.564909,234518.559552,130432.313601,-871444.133689],
[1876.089828,264911.600457,119401.077358,-865217.715541],
[1876.632893,296339.975579,108520.589324,-857997.355067],
[1877.333500,336800.930953,95303.284722,-847534.118957],
[1878.043939,377655.567663,82866.397540,-835636.131551],
[1878.790490,420309.584440,70868.985185,-821782.436101],
[1879.547522,463182.152587,59845.274184,-806377.550336],
[1880.331643,507092.530871,49657.008286,-789050.408327],
[1881.203739,555228.647893,39810.499144,-768235.355820],
[1882.112473,604485.815917,31222.975084,-744935.977811],
[1883.048543,654146.984322,24162.388274,-719358.967260],
[1884.018312,704331.382157,18748.182118,-691333.391295],
[1885.020901,754757.831196,15162.014023,-660901.754118],
[1886.282255,815962.309440,13502.347199,-620790.361641],
[1887.510790,873059.700583,14863.014679,-580078.723524],
[1888.700304,925894.745585,18888.194014,-539406.182727],
[1889.974427,979755.765895,26041.578159,-494768.430421],
[1891.212184,1029340.497083,35684.454476,-450612.030943],
[1892.457271,1076483.910535,47934.648704,-405651.777225],
[1893.745573,1122381.742846,63163.269279,-358791.565439],
[1895.139265,1168757.229813,82394.452180,-307955.190673],
[1896.559785,1212560.571699,104758.095799,-256228.415702],
[1897.986674,1253091.307234,129836.977244,-204578.589899],
[1899.435769,1290755.999714,157793.282645,-152637.693063],
[1900.925201,1325867.073782,188937.871656,-99967.862665],
[1902.383951,1356787.044527,221616.189418,-49237.775686],
[1903.810725,1383778.292773,255483.786986,-559.429492],
[1905.486113,1411458.439966,297435.042876,55279.938662],
[1907.265350,1436218.456533,344297.008917,112875.774817],
[1909.385126,1459650.815218,402839.257208,179024.284596],
[1911.543872,1476931.139771,465031.752299,243454.123732],
[1914.013958,1488817.727398,538786.668430,313357.364312],
[1916.507577,1492572.898955,615412.085849,379631.923093],
[1919.161184,1487809.642736,698635.485357,445280.336485],
[1921.938476,1473537.591574,786827.133457,508489.603459],
[1924.779856,1449535.299773,877407.431709,567255.236473],
[1927.695723,1415491.424988,969917.445043,621303.252493],
[1930.636694,1372004.899271,1061963.080678,669372.227982],
[1933.600124,1319433.809181,1152650.509273,711264.037835],
[1936.496921,1260098.700271,1238588.261840,745887.255120],
[1939.523904,1190310.739644,1324813.052356,775426.330417],
[1942.531268,1113739.463779,1406182.729954,798112.991927],
[1945.390586,1034867.918124,1478993.299344,813593.125381],
[1948.606429,939859.584653,1554938.035815,824004.992868],
[1951.822272,839042.545326,1623951.847324,827123.114071],
[1954.776541,742103.643440,1680727.509104,823673.442795],
[1957.769536,640458.540154,1731336.331085,814130.954185],
[1959.844587,568375.278757,1762135.862439,804007.642661],
[1960.172989,556867.665594,1766679.040462,802145.717060],
[1960.210112,555565.287598,1767186.844248,801930.804110],
[1960.210112,555565.287598,1767186.844248,801930.804110],
[1960.247235,554262.601836,1767693.475284,801714.990530],
[1960.575637,542725.458732,1772124.128740,799766.649361],
[1962.650688,469342.500554,1797970.427174,785838.280907],
[1965.643684,362450.241910,1828567.894467,760900.778861],
[1968.597953,256470.513548,1850810.538273,730799.471972],
[1971.813795,141547.896603,1865807.653024,692010.518148],
[1975.029638,28137.674472,1871022.941701,647138.303639],
[1977.888956,-70543.162813,1867352.837207,602301.298877],
[1980.896320,-171254.850549,1855018.710334,550302.312358],
[1983.923304,-268527.970831,1833848.979203,493141.018884],
[1986.820101,-356906.242151,1805432.120611,434094.571520],
[1989.783530,-441673.002060,1768225.262949,369495.042812],
[1992.724501,-519278.021486,1723333.743745,301404.545487],
[1995.640368,-588937.052489,1671206.557206,230210.080552],
[1998.481748,-649005.308457,1613364.072260,157544.052545],
[2001.259041,-699473.284764,1550382.762251,83630.538036],
[2003.912647,-739353.368812,1484543.873463,10600.704158],
[2006.406266,-768767.173675,1417910.154526,-59916.305219],
[2008.876353,-789604.373827,1347640.685701,-131299.458151],
[2011.035098,-800582.662415,1282994.122187,-194687.305872],
[2013.154875,-804383.396057,1216807.145832,-257589.882921],
[2014.934111,-801942.605769,1159352.945526,-310688.282464],
[2016.609499,-794716.985504,1103809.075710,-360756.260183],
[2018.036274,-784639.691602,1055506.660662,-403305.618385],
[2019.495023,-770465.388311,1005268.234593,-446579.726575],
[2020.984455,-751815.232171,953188.548043,-490360.566058],
[2022.433550,-729485.086583,901869.723184,-532381.794605],
[2023.860440,-703339.920165,850826.657039,-573007.291457],
[2025.280959,-673100.522502,799630.117139,-612491.689597],
[2026.674652,-639250.398374,749158.373208,-650063.399002],
[2027.962953,-604204.112775,702409.398707,-683540.146053],
[2029.208040,-566855.818614,657257.387812,-714530.369353],
[2030.445797,-526310.532314,612517.087198,-743784.488815],
[2031.719920,-481007.760597,566748.447220,-772026.298489],
[2032.909434,-435465.187987,524414.155308,-796432.884327],
[2034.137969,-385183.269353,481239.036873,-819390.209433],
[2035.399323,-330214.398226,437659.776209,-840293.264587],
[2036.401912,-284193.583976,403688.528729,-854778.115503],
[2037.371681,-237808.612961,371497.770242,-866836.715990],
[2038.307751,-191387.215775,341142.957987,-876527.240141],
[2039.216486,-144877.322056,312437.942966,-883992.297797],
[2040.088582,-99013.255337,285679.950972,-889265.169170],
[2040.872702,-56844.474690,262348.232640,-892359.808335],
[2041.629734,-15385.687388,240532.569475,-893821.176614],
[2042.376285,26129.035141,219753.931872,-893758.241882],
[2043.086724,66132.462358,200703.975309,-892286.992892],
[2043.787331,105974.845018,182650.451325,-889472.712111],
[2044.330396,137073.822601,169182.236350,-886354.673186],
[2044.855315,167272.605951,156618.481444,-882562.716137],
[2045.436639,200832.116650,143244.539236,-877473.274759],
[2045.436639,200832.116650,143244.539236,-877473.274759],
[2046.017962,234466.246880,130456.824908,-871454.541129],
[2046.542882,264860.717022,119428.765701,-865229.471944],
[2047.085946,296290.549730,108551.562927,-858010.506382],
[2047.786554,336753.350827,95338.487773,-847549.066086],
[2048.496993,377609.815288,82905.871250,-835652.891991],
[2049.243544,420265.700806,70912.917524,-821801.089664],
[2050.000575,463140.104625,59893.688127,-806398.106777],
[2050.784696,507052.316627,49710.012250,-789072.913680],
[2051.656792,555190.386422,39868.534848,-768259.997637],
[2052.565526,604449.485925,31286.159614,-744962.805807],
[2053.501596,654112.527229,24230.763946,-719387.999402],
[2054.471365,704298.734488,18821.803732,-691364.650851],
[2055.473954,754726.908707,15240.906772,-660935.251785],
[2056.735308,815933.340344,13587.637586,-620826.575729],
[2057.963843,873032.395788,14954.273498,-580117.471794],
[2059.153357,925868.824825,18984.975858,-539447.276061],
[2060.427481,979731.078239,26143.989972,-494811.914225],
[2061.665237,1029316.760931,35792.049391,-450657.715479],
[2062.910324,1076460.889039,48047.171521,-405699.554137],
[2064.198626,1122359.209007,63280.589785,-358841.379437],
[2065.592318,1168734.941718,82516.620293,-308007.062953],
[2067.012838,1212538.241414,104884.842830,-256282.232179],
[2068.439728,1253068.647619,129967.960715,-204634.205158],
[2069.888822,1290732.722856,157928.203350,-152694.980062],
[2071.378254,1325842.878811,189076.462449,-100026.707974],
[2072.837004,1356761.685101,221758.011980,-49297.993197],
[2074.263778,1383751.553502,255628.430852,-620.844921],
[2075.939167,1411429.793693,297582.580022,55217.294753],
[2077.718403,1436187.467924,344447.134087,112812.032039],
[2079.838179,1459616.642946,402991.831583,178959.501891],
[2081.996925,1476893.325977,465186.133012,243388.574061],
[2084.467011,1488775.306480,538942.291402,313291.287181],
[2086.960631,1492525.409928,615568.100842,379565.679511],
[2089.614237,1487756.368129,698791.002152,445214.304437],
[2092.391529,1473477.903869,786981.158066,508424.204989],
[2095.232909,1449468.752115,877558.947019,567190.903445],
[2098.148776,1415417.606351,970065.401398,621240.430588],
[2101.089748,1371923.592899,1062106.491024,669311.336302],
[2104.053177,1319344.882939,1152788.424005,711205.479580],
[2106.949974,1260002.327944,1238719.974137,745831.330403],
[2109.976957,1190206.665927,1324937.469170,775373.503344],
[2112.984321,1113627.891945,1406299.142438,798063.563473],
[2115.843639,1034749.422839,1479101.467249,813547.197554],
[2119.059482,939733.613822,1555036.272018,823963.282018],
[2122.275325,838909.499584,1624039.544829,827085.877926],
[2125.229594,741964.510493,1680805.073341,823640.509211],
[2128.222589,640313.694025,1731403.270249,814102.531981],
[2130.297641,568226.764336,1762195.266590,803982.419805],
[2130.626042,556718.593938,1766737.241612,802121.004995],
[2130.663165,555416.153332,1767244.909257,801906.149850],
[2130.663165,555416.153332,1767244.909257,801906.149850],
[2130.700288,554113.404816,1767751.404209,801690.394051],
[2131.028690,542575.712408,1772180.851577,799742.564983],
[2133.103741,469189.434830,1798019.479175,785817.453548],
[2136.096737,362292.871746,1828605.772882,760884.695779],
[2139.051006,256309.483080,1850837.338520,730788.092653],
[2142.266849,141383.577425,1865822.440350,692004.239485],
[2145.482691,27970.819316,1871025.874197,647137.058508],
[2148.342010,-70711.623444,1867345.454585,602304.433520],
[2151.349373,-171424.329110,1855000.800338,550309.916899],
[2154.376357,-268697.772896,1833820.901312,493152.940687],
[2157.273154,-357075.694160,1805394.804568,434110.415820],
[2160.236583,-441841.431175,1768179.086416,369514.649255],
[2163.177555,-519444.779668,1723279.455300,301427.596227],
[2166.093421,-589101.521222,1671144.987479,230236.222907],
[2168.934802,-649166.955702,1613296.223794,157572.860836],
[2171.712094,-699631.629024,1550309.638465,83661.586215],
[2174.365700,-739508.071759,1484466.581347,10633.522200],
[2176.859320,-768918.041239,1417829.787888,-59882.181742],
[2179.329406,-789751.064010,1347558.141310,-131264.410006],
[2181.488151,-800725.408402,1282910.430448,-194651.770565],
[2183.607928,-804522.015553,1216723.056894,-257554.178965],
[2185.387164,-802077.576079,1159269.112037,-310652.686970],
[2187.062552,-794848.372067,1103725.997700,-360720.985464],
[2188.489327,-784767.917677,1055424.636187,-403270.790995],
[2189.948077,-770590.283726,1005187.691922,-446545.528355],
[2191.437509,-751936.626975,953109.955041,-490327.195663],
[2192.886603,-729602.982418,901793.464403,-532349.415314],
[2194.313493,-703454.283565,850753.131489,-572976.072690],
[2195.734013,-673211.287165,799559.752572,-612461.812975],
[2197.127705,-639357.555017,749091.547162,-650035.024827],
[2198.416006,-604307.868643,702346.236302,-683513.327451],
[2199.661094,-566956.230452,657198.129569,-714505.208449],
[2200.898850,-526407.566126,612462.067299,-743761.127501],
[2202.172974,-481101.263992,566698.162968,-772004.947920],
[2203.362488,-435555.349740,524368.631760,-796413.555140],
[2204.591023,-385269.937280,481198.769437,-819373.111978],
[2205.852377,-330297.439065,437625.254764,-840278.606867],
[2206.854966,-284273.716999,403658.817962,-854765.500385],
[2207.824735,-237885.916481,371472.908254,-866826.159651],
[2208.760805,-191461.776722,341122.948534,-876518.744177],
[2209.669539,-144949.214111,312422.795296,-883985.866133],
[2210.541635,-99082.584827,285669.597556,-889260.773134],
[2211.325756,-56911.502950,262342.287220,-892357.283924],
[2212.082787,-15450.500299,240530.957833,-893820.492315],
[2212.829338,26066.396730,219756.659845,-893759.400173],
[2213.539777,66071.880172,200710.884928,-892289.926700],
[2214.240385,105916.274694,182661.525731,-889477.414276],
[2214.783449,137016.798285,169196.561589,-886360.755648],
[2215.308369,167217.063018,156635.963416,-882570.138939],
[2215.889692,200778.197352,143265.529241,-877482.187063],
[2215.889692,200778.197352,143265.529241,-877482.187063],
[2216.471016,234413.931104,130481.330784,-871464.946264],
[2216.995935,264809.830093,119456.448767,-865241.226105],
[2217.538999,296241.119985,108582.531410,-858023.655524],
[2218.239607,336705.766355,95373.685849,-847564.011103],
[2218.950046,377564.058111,82945.340117,-835669.650375],
[2219.696597,420221.811684,70956.845341,-821819.741307],
[2220.453628,463098.050753,59942.097602,-806418.661322],
[2221.237749,507012.095906,49763.011930,-789095.417214],
[2222.109845,555152.117848,39926.566464,-768284.637719],
[2223.018579,604413.148084,31349.340442,-744989.632232],
[2223.954650,654078.061647,24299.136118,-719417.030058],
[2224.924418,704266.077785,18895.421820,-691395.908910],
[2225.927007,754695.976531,15319.796168,-660968.748029],
[2227.188361,815904.360682,13672.925074,-620862.788587],
[2228.416896,873005.079693,15045.529602,-580156.218911],
[2229.606410,925842.892163,19081.754847,-539488.368181],
[2230.880534,979706.377908,26246.399358,-494855.396998],
[2232.118290,1029293.011508,35899.641826,-450703.398963],
[2233.363378,1076437.853667,48159.691933,-405747.330027],
[2234.651679,1122336.660701,63397.907937,-358891.192436],
[2236.045371,1168712.638558,82638.786078,-308058.934245],
[2237.465891,1212515.895530,105011.587336,-256336.047585],
[2238.892781,1253045.971840,130098.941813,-204689.819410],
[2240.341876,1290709.429383,158063.121412,-152752.265939],
[2241.831307,1325818.666777,189215.050502,-100085.552121],
[2243.290057,1356736.308173,221899.831889,-49358.209581],
[2244.716832,1383724.796340,255773.072135,-682.259254],
[2246.392220,1411401.129173,297730.114398,55154.652020],
[2248.171456,1436156.460793,344597.256018,112748.290636],
[2250.291233,1459582.451791,403144.402610,178894.720609],
[2252.449978,1476855.493189,465340.509537,243323.026168],
[2254.920064,1488732.866419,539097.909696,313225.212036],
[2257.413684,1492477.901586,615724.111108,379499.437935],
[2260.067290,1487703.074341,698946.513376,445148.274754],
[2262.844582,1473418.197160,787135.176440,508358.809166],
[2265.685963,1449402.185675,877710.455608,567126.573271],
[2268.601829,1415343.769356,970213.350254,621177.611868],
[2271.542801,1371842.268716,1062249.893090,669250.448138],
[2274.506230,1319255.939687,1152926.329447,711146.925268],
[2277.403027,1259905.939507,1238851.676151,745775.410052],
[2280.430011,1190102.576700,1325061.875282,775320.680815],
[2283.437375,1113516.305580,1406415.543431,798014.139897],
[2286.296693,1034630.914389,1479209.622599,813501.275059],
[2289.512535,939607.630877,1555134.495054,823921.576758],
[2292.728378,838776.442818,1624127.228560,827048.647630],
[2295.682647,741825.367773,1680882.623159,823607.581749],
[2298.675643,640168.839857,1731470.194161,814074.116252],
[2300.750694,568078.242811,1762254.655124,803957.203579],
[2301.079096,556569.515102,1766795.427184,802096.299544],
[2301.116219,555267.011677,1767302.958767,801881.502171],
[2301.116219,555267.011677,1767302.958767,801881.502171],
[2301.153342,553964.200876,1767809.317451,801665.804231],
[2301.481743,542425.959086,1772237.558765,799718.487251],
[2303.556795,469036.363052,1798068.515181,785796.632981],
[2306.549790,362135.496671,1828643.634912,760868.619655],
[2309.504059,256148.449064,1850864.121971,730776.720466],
[2312.719902,141219.256673,1865837.210478,691997.968126],
[2315.935745,27803.964054,1871028.789237,647135.820789],
[2318.795063,-70880.083413,1867338.054334,602307.575648],
[2321.802427,-171593.805723,1854982.872606,550317.528970],
[2324.829410,-268867.571495,1833792.805672,493164.870027],
[2327.726207,-357245.141306,1805357.470868,434126.267617],
[2330.689637,-442009.854843,1768132.892205,369534.263203],
[2333.630608,-519611.531410,1723225.149349,301450.654400],
[2336.546475,-589265.982612,1671083.400472,230262.372599],
[2339.387855,-649328.594822,1613228.358332,157601.676344],
[2342.165147,-699789.964028,1550236.498246,83692.641372],
[2344.818754,-739662.765406,1484389.272943,10666.347158],
[2347.312373,-769068.898664,1417749.405605,-59848.051623],
[2349.782459,-789897.744004,1347475.581584,-131229.355349],
[2351.941205,-800868.144282,1282826.723664,-194616.228871],
[2354.060981,-804660.624460,1216638.953592,-257518.468910],
[2355.840217,-802212.536260,1159185.264318,-310617.085435],
[2357.515606,-794979.748576,1103642.905827,-360685.704859],
[2358.942380,-784896.133829,1055342.598186,-403235.957861],
[2360.401130,-770715.169197,1005107.136193,-446511.324591],
[2361.890562,-752058.012084,953031.349351,-490293.819881],
[2363.339656,-729720.868657,901717.193411,-532317.030839],
[2364.766546,-703568.637899,850679.593986,-572944.848847],
[2366.187066,-673322.042974,799489.376533,-612431.931482],
[2367.580758,-639464.703254,749024.710017,-650006.645940],
[2368.869060,-604411.616874,702283.062955,-683486.504203],
[2370.114147,-567056.635130,657138.860741,-714480.043050],
[2371.351904,-526504.593297,612407.037174,-743737.761845],
[2372.626027,-481194.761184,566647.868944,-771983.593201],
[2373.815541,-435645.506013,524323.098720,-796394.221923],
[2375.044076,-385356.600370,481158.492882,-819356.010652],
[2376.305430,-330380.475518,437590.724691,-840263.945483],
[2377.308019,-284353.846233,403629.098866,-854752.881730],
[2378.277788,-237963.217051,371448.038148,-866815.599865],
[2379.213858,-191536.335314,341102.931257,-876510.244890],
[2380.122592,-145021.104298,312407.640111,-883979.431279],
[2380.994688,-99151.912933,285659.236907,-889256.374028],
[2381.778809,-56978.530375,262336.334802,-892354.756542],
[2382.535840,-15515.313110,240529.339415,-893819.805139],
[2383.282391,26003.757982,219759.381272,-893760.555684],
[2383.992831,66011.297225,200717.788203,-892292.857813],
[2384.693438,105857.702915,182672.594031,-889482.113849],
[2385.236502,136959.772116,169210.880888,-886366.835587],
[2385.761422,167161.517929,156653.439582,-882577.559276],
[2386.342745,200724.275465,143286.513611,-877491.096975],
[2386.342745,200724.275465,143286.513611,-877491.096975],
[2386.924069,234361.612385,130505.831154,-871475.349061],
[2387.448988,264758.939826,119484.126471,-865252.977991],
[2387.992053,296191.686494,108613.494678,-858036.802451],
[2388.692660,336658.177471,95408.879006,-847578.954031],
[2389.403099,377518.296066,82984.804200,-835686.406728],
[2390.149650,420177.917210,71000.768504,-821838.390974],
[2390.906682,463055.990910,59990.502681,-806439.213999],
[2391.690802,506971.868585,49816.007485,-789117.918996],
[2392.562899,555113.842115,39984.594081,-768309.276102],
[2393.471633,604376.802503,31412.517375,-745016.457002],
[2394.407703,654043.587683,24367.504584,-719446.059141],
[2395.377472,704233.411951,18969.036607,-691427.165568],
[2396.380061,754665.034623,15398.682331,-661002.242899],
[2397.641415,815875.370542,13758.209404,-620899.000104],
[2398.869950,872977.752381,15136.782712,-580194.964757],
[2400.059464,925816.947561,19178.531124,-539529.459150],
[2401.333587,979681.664986,26348.806008,-494898.878610],
[2402.571344,1029269.248776,36007.231940,-450749.081460],
[2403.816431,1076414.804373,48272.210104,-405795.104965],
[2405.104732,1122314.097878,63515.223908,-358941.004508],
[2406.498425,1168690.320281,82760.949712,-308110.804623],
[2407.918944,1212493.534008,105138.329505,-256389.861998],
[2409.345834,1253023.279867,130229.920740,-204745.432740],
[2410.794929,1290686.119261,158198.037039,-152809.550782],
[2412.284361,1325794.437649,189353.636024,-100144.395193],
[2413.743110,1356710.913709,222041.649360,-49418.424930],
[2415.169885,1383698.021381,255917.710408,-743.672309],
[2416.845273,1411372.446496,297877.645555,55092.010654],
[2418.624509,1436125.435092,344747.374933,112684.550514],
[2420.744286,1459548.241871,403296.969835,178829.940940],
[2422.903032,1476817.641356,465494.882107,243257.479954],
[2425.373118,1488690.407168,539253.523561,313159.138772],
[2427.866737,1492430.374068,615880.116171,379433.198570],
[2430.520343,1487649.761283,699102.019262,445082.247337],
[2433.297636,1473358.471353,787289.188800,508293.415897],
[2436.139016,1449335.600632,877861.957000,567062.246153],
[2439.054883,1415269.914224,970361.291174,621114.796517],
[2441.995854,1371760.926964,1062393.286440,669189.563674],
[2444.959283,1319166.979288,1153064.225800,711088.374816],
[2447.856080,1259809.534826,1238983.368097,745719.493976],
[2450.883064,1189998.472287,1325186.270335,775267.862981],
[2453.890428,1113404.705027,1406531.932589,797964.721347],
[2456.749746,1034512.392598,1479317.765564,813455.357822],
[2459.965589,939481.635621,1555232.705063,823879.877030],
[2463.181431,838643.375436,1624214.898252,827011.423294],
[2466.135700,741686.215697,1680960.158313,823574.660513],
[2469.128696,640023.977436,1731537.102943,814045.706948],
[2471.203747,567929.713958,1762314.028133,803931.993945],
[2471.532149,556420.428864,1766853.597258,802071.600674],
[2471.569272,555117.863086,1767360.992598,801856.861149],
[2471.569272,555117.863086,1767360.992598,801856.861149],
[2471.606395,553814.989792,1767867.215097,801641.221033],
[2471.934797,542276.198542,1772294.250390,799694.416127],
[2474.009848,468883.284995,1798117.535258,785775.819177],
[2477.002843,361978.117166,1828681.480427,760852.550542],
[2479.957112,255987.411988,1850890.888552,730765.355442],
[2483.172955,141054.934102,1865851.963432,691991.704057],
[2486.388798,27637.108178,1871031.686852,647134.590469],
[2489.248116,-71048.542215,1867330.636491,602310.725246],
[2492.255480,-171763.279863,1854964.927177,550325.148554],
[2495.282464,-269037.366881,1833764.692234,493176.806924],
[2498.179260,-357414.583845,1805320.119457,434142.126935],
[2501.142690,-442178.272556,1768086.680459,369553.884597],
[2504.083661,-519778.276196,1723170.826049,301473.719939],
[2506.999528,-589430.436150,1671021.796363,230288.529552],
[2509.840908,-649490.225321,1613160.476074,157630.498984],
[2512.618201,-699948.290007,1550163.341477,83723.703557],
[2515.271807,-739817.449285,1484311.948492,10699.178930],
[2517.765426,-769219.746392,1417669.007425,-59813.914753],
[2520.235512,-790044.414031,1347393.006399,-131194.294129],
[2522.394258,-801010.869613,1282743.002085,-194580.680894],
[2524.514034,-804799.222988,1216554.835799,-257482.752702],
[2526.293271,-802347.485885,1159101.402617,-310581.477963],
[2527.968659,-795111.114637,1103559.800350,-360650.418478],
[2529.395434,-785024.339667,1055260.546909,-403201.119091],
[2530.854183,-770840.044926,1005026.567293,-446477.115234],
[2532.343615,-752179.387673,952952.730852,-490260.438659],
[2533.792710,-729838.745488,901640.910096,-532284.641131],
[2535.219599,-703682.983337,850606.044424,-572913.619884],
[2536.640119,-673432.790108,799418.988920,-612402.045075],
[2538.033811,-639571.843245,748957.861673,-649978.262298],
[2539.322113,-604515.357154,702219.878861,-683459.676392],
[2540.567200,-567157.032343,657079.581508,-714454.873233],
[2541.804957,-526601.613530,612351.996990,-743714.391919],
[2543.079080,-481288.252312,566597.565070,-771962.234299],
[2544.268594,-435735.656530,524277.556324,-796374.884734],
[2545.497129,-385443.258359,481118.207329,-819338.905505],
[2546.758483,-330463.507836,437556.185887,-840249.280392],
[2547.761072,-284433.971922,403599.371348,-854740.259499],
[2548.730841,-238040.514434,371423.159999,-866805.036665],
[2549.666911,-191610.891322,341082.906218,-876501.742308],
[2550.575645,-145092.992722,312392.477388,-883972.993224],
[2551.447741,-99221.239761,285648.869011,-889251.971845],
[2552.231862,-57045.557167,262330.375369,-892352.226181],
[2552.988894,-15580.125623,240527.714224,-893819.115087],
[2553.735445,25941.118804,219762.096155,-893761.708417],
[2554.445884,65950.713428,200724.685145,-892295.786238],
[2555.146491,105799.129859,182683.656193,-889486.810816],
[2555.689556,136902.744267,169225.194206,-886372.912986],
[2556.214475,167105.970600,156670.909967,-882584.977158],
[2556.795799,200670.350908,143307.492376,-877500.004507]]